0.000012 0.001474
0.000018 0.001830
0.000024 0.002245
0.000030 0.002712
0.000036 0.003230
0.000042 0.003800
0.000048 0.004428
0.000054 0.005121
0.000060 0.005889
0.000066 0.006744
0.000072 0.007699
0.000078 0.008773
0.000084 0.009982
0.000090 0.011350
0.000096 0.012903
0.000102 0.014669
0.000108 0.016683
0.000114 0.018981
0.000120 0.021611
0.000126 0.024619
0.000132 0.028066
0.000138 0.032017
0.000144 0.036546
0.000150 0.041741
0.000156 0.047699
0.000162 0.054534
0.000168 0.062375
0.000174 0.071369
0.000180 0.081686
0.000186 0.093521
0.000192 0.107093
0.000198 0.122659
0.000204 0.140508
0.000210 0.160976
0.000216 0.184443
0.000222 0.211348
0.000228 0.242193
0.000234 0.277554
0.000240 0.318088
0.000246 0.364551
0.000252 0.417809
0.000258 0.478853
0.000264 0.548821
0.000270 0.622044
0.000276 0.690990
0.000282 0.756171
0.000288 0.818081
0.000294 0.877041
0.000300 0.933235
0.000306 0.986728
0.000312 1.037493
0.000318 1.085428
0.000324 1.130376
0.000330 1.172139
0.000336 1.210492
0.000342 1.245202
0.000348 1.276030
0.000354 1.302746
0.000360 1.325139
0.000366 1.343022
0.000372 1.356243
0.000378 1.364684
0.000384 1.368272
0.000390 1.366983
0.000396 1.360839
0.000402 1.349919
0.000408 1.334352
0.000414 1.314320
0.000420 1.290062
0.000426 1.261863
0.000432 1.230061
0.000438 1.195035
0.000444 1.157208
0.000450 1.117036
0.000456 1.075001
0.000462 1.031611
0.000468 0.987382
0.000474 0.942836
0.000480 0.898487
0.000486 0.854837
0.000492 0.812360
0.000498 0.771501
0.000504 0.732664
0.000510 0.696216
0.000516 0.662484
0.000522 0.631771
0.000528 0.604362
0.000534 0.580376
0.000540 0.557466
0.000546 0.535389
0.000552 0.515247
0.000558 0.498229
0.000564 0.485638
0.000570 0.478896
0.000576 0.479538
0.000582 0.489176
0.000588 0.509447
0.000594 0.541955
0.000600 0.585212
0.000606 0.633688
0.000612 0.686705
0.000618 0.743758
0.000624 0.804248
0.000630 0.867504
0.000636 0.932804
0.000642 0.999391
0.000648 1.066485
0.000654 1.133287
0.000660 1.198999
0.000666 1.262826
0.000672 1.323986
0.000678 1.381723
0.000684 1.435311
0.000690 1.484066
0.000696 1.527354
0.000702 1.564600
0.000708 1.595296
0.000714 1.619006
0.000720 1.635377
0.000726 1.644144
0.000732 1.645129
0.000738 1.638258
0.000744 1.623550
0.000750 1.601130
0.000756 1.571223
0.000762 1.534158
0.000768 1.490367
0.000774 1.440376
0.000780 1.384811
0.000786 1.324381
0.000792 1.259886
0.000798 1.192193
0.000804 1.122238
0.000810 1.051004
0.000816 0.979515
0.000822 0.908805
0.000828 0.839899
0.000834 0.773774
0.000840 0.711313
0.000846 0.653256
0.000852 0.594914
0.000858 0.531268
0.000864 0.466222
0.000870 0.407056
0.000876 0.366384
0.000882 0.361542
0.000888 0.404731
0.000894 0.493490
0.000900 0.617836
0.000906 0.758876
0.000912 0.890312
0.000918 1.008270
0.000924 1.112234
0.000930 1.202464
0.000936 1.279464
0.000942 1.343786
0.000948 1.395973
0.000954 1.436531
0.000960 1.465948
0.000966 1.484695
0.000972 1.493245
0.000978 1.492086
0.000984 1.481731
0.000990 1.462731
0.000996 1.435680
0.001002 1.401220
0.001008 1.360050
0.001014 1.312918
0.001020 1.260627
0.001026 1.204030
0.001032 1.144020
0.001038 1.081530
0.001044 1.017516
0.001050 0.952943
0.001056 0.888770
0.001062 0.825922
0.001068 0.765267
0.001074 0.707572
0.001080 0.653471
0.001086 0.600908
0.001092 0.542745
0.001098 0.480658
0.001104 0.418485
0.001110 0.362972
0.001116 0.325669
0.001122 0.321920
0.001128 0.361408
0.001134 0.440475
0.001140 0.549609
0.001146 0.679452
0.001152 0.802186
0.001158 0.911848
0.001164 1.008191
0.001170 1.091692
0.001176 1.163021
0.001182 1.222862
0.001188 1.271860
0.001194 1.310600
0.001200 1.339622
0.001206 1.359429
0.001212 1.370503
0.001218 1.373315
0.001224 1.368345
0.001230 1.356083
0.001236 1.337041
0.001242 1.311762
0.001248 1.280815
0.001254 1.244806
0.001260 1.204371
0.001266 1.160176
0.001272 1.112911
0.001278 1.063287
0.001284 1.012025
0.001290 0.959848
0.001296 0.907464
0.001302 0.855560
0.001308 0.804780
0.001314 0.755715
0.001320 0.708879
0.001326 0.664709
0.001332 0.623547
0.001338 0.584124
0.001344 0.540950
0.001350 0.494336
0.001356 0.445141
0.001362 0.394289
0.001368 0.342832
0.001374 0.292092
0.001380 0.243950
0.001386 0.201422
0.001392 0.169551
0.001398 0.155338
0.001404 0.163378
0.001410 0.190655
0.001416 0.230250
0.001422 0.276886
0.001428 0.327727
0.001434 0.381498
0.001440 0.437792
0.001446 0.496726
0.001452 0.558498
0.001458 0.616285
0.001464 0.666136
0.001470 0.709369
0.001476 0.747111
0.001482 0.780314
0.001488 0.809775
0.001494 0.836153
0.001500 0.859989
0.001506 0.881723
0.001512 0.901708
0.001518 0.920220
0.001524 0.937470
0.001530 0.953619
0.001536 0.968781
0.001542 0.983027
0.001548 0.996404
0.001554 1.008928
0.001560 1.020596
0.001566 1.031391
0.001572 1.041280
0.001578 1.050229
0.001584 1.058192
0.001590 1.065128
0.001596 1.070994
0.001602 1.075748
0.001608 1.079359
0.001614 1.081799
0.001620 1.083049
0.001626 1.083102
0.001632 1.081959
0.001638 1.079634
0.001644 1.076154
0.001650 1.071557
0.001656 1.065890
0.001662 1.059217
0.001668 1.051611
0.001674 1.043156
0.001680 1.033949
0.001686 1.024089
0.001692 1.013693
0.001698 1.002879
0.001704 0.991772
0.001710 0.980504
0.001716 0.969207
0.001722 0.958018
0.001728 0.947073
0.001734 0.936509
0.001740 0.926458
0.001746 0.917051
0.001752 0.908414
0.001758 0.900667
0.001764 0.893921
0.001770 0.888279
0.001776 0.883836
0.001782 0.880673
0.001788 0.878857
0.001794 0.878445
0.001800 0.879474
0.001806 0.881966
0.001812 0.885927
0.001818 0.891340
0.001824 0.898172
0.001830 0.906369
0.001836 0.915857
0.001842 0.926544
0.001848 0.938317
0.001854 0.951049
0.001860 0.964596
0.001866 0.978798
0.001872 0.993486
0.001878 1.008481
0.001884 1.023596
0.001890 1.038638
0.001896 1.053415
0.001902 1.067734
0.001908 1.081404
0.001914 1.094242
0.001920 1.106074
0.001926 1.116733
0.001932 1.126068
0.001938 1.133941
0.001944 1.140232
0.001950 1.144840
0.001956 1.147683
0.001962 1.148699
0.001968 1.147851
0.001974 1.145123
0.001980 1.140520
0.001986 1.134075
0.001992 1.125839
0.001998 1.115891
0.002004 1.104327
0.002010 1.091265
0.002016 1.076842
0.002022 1.061213
0.002028 1.044551
0.002034 1.027037
0.002040 1.008869
0.002046 0.990252
0.002052 0.971397
0.002058 0.952523
0.002064 0.933847
0.002070 0.915589
0.002076 0.897967
0.002082 0.881195
0.002088 0.865481
0.002094 0.851027
0.002100 0.838025
0.002106 0.826661
0.002112 0.817105
0.002118 0.809516
0.002124 0.804038
0.002130 0.800796
0.002136 0.799893
0.002142 0.801413
0.002148 0.805404
0.002154 0.811891
0.002160 0.820862
0.002166 0.832270
0.002172 0.846029
0.002178 0.862020
0.002184 0.880081
0.002190 0.900023
0.002196 0.921616
0.002202 0.944612
0.002208 0.968728
0.002214 0.993667
0.002220 1.019115
0.002226 1.044746
0.002232 1.070231
0.002238 1.095234
0.002244 1.119425
0.002250 1.142483
0.002256 1.164095
0.002262 1.183967
0.002268 1.201824
0.002274 1.217409
0.002280 1.230498
0.002286 1.240893
0.002292 1.248429
0.002298 1.252975
0.002304 1.254437
0.002310 1.252759
0.002316 1.247921
0.002322 1.239945
0.002328 1.228893
0.002334 1.214865
0.002340 1.197997
0.002346 1.178464
0.002352 1.156474
0.002358 1.132267
0.002364 1.106112
0.002370 1.078302
0.002376 1.049150
0.002382 1.018986
0.002388 0.988153
0.002394 0.956999
0.002400 0.925878
0.002406 0.895138
0.002412 0.865124
0.002418 0.836169
0.002424 0.808598
0.002430 0.782721
0.002436 0.758837
0.002442 0.737235
0.002448 0.718191
0.002454 0.701977
0.002460 0.688858
0.002466 0.679092
0.002472 0.672925
0.002478 0.670590
0.002484 0.672285
0.002490 0.678174
0.002496 0.688362
0.002502 0.702886
0.002508 0.721703
0.002514 0.744690
0.002520 0.771636
0.002526 0.802256
0.002532 0.836188
0.002538 0.873014
0.002544 0.912261
0.002550 0.953420
0.002556 0.995953
0.002562 1.039298
0.002568 1.082885
0.002574 1.126137
0.002580 1.168483
0.002586 1.209361
0.002592 1.248227
0.002598 1.284559
0.002604 1.317863
0.002610 1.347684
0.002616 1.373603
0.002622 1.395250
0.002628 1.412305
0.002634 1.424502
0.002640 1.431634
0.002646 1.433559
0.002652 1.430195
0.002658 1.421531
0.002664 1.407620
0.002670 1.388585
0.002676 1.364616
0.002682 1.335968
0.002688 1.302958
0.002694 1.265964
0.002700 1.225420
0.002706 1.181807
0.002712 1.135649
0.002718 1.087505
0.002724 1.037959
0.002730 0.987610
0.002736 0.937061
0.002742 0.886903
0.002748 0.837707
0.002754 0.790005
0.002760 0.744283
0.002766 0.700966
0.002772 0.660414
0.002778 0.622929
0.002784 0.588341
0.002790 0.551914
0.002796 0.513112
0.002802 0.472706
0.002808 0.431449
0.002814 0.390060
0.002820 0.349226
0.002826 0.309601
0.002832 0.271801
0.002838 0.236421
0.002844 0.204067
0.002850 0.175420
0.002856 0.151363
0.002862 0.133164
0.002868 0.122567
0.002874 0.121490
0.002880 0.131150
0.002886 0.151590
0.002892 0.182287
0.002898 0.222979
0.002904 0.273937
0.002910 0.335896
0.002916 0.409925
0.002922 0.497337
0.002928 0.598658
0.002934 0.700699
0.002940 0.798234
0.002946 0.891465
0.002952 0.980437
0.002958 1.065056
0.002964 1.145120
0.002970 1.220341
0.002976 1.290368
0.002982 1.354814
0.002988 1.413269
0.002994 1.465324
0.003000 1.510586
0.003006 1.548689
0.003012 1.579314
0.003018 1.602194
0.003024 1.617125
0.003030 1.623980
0.003036 1.622709
0.003042 1.613350
0.003048 1.596029
0.003054 1.570969
0.003060 1.538485
0.003066 1.498988
0.003072 1.452983
0.003078 1.401064
0.003084 1.343915
0.003090 1.282299
0.003096 1.217057
0.003102 1.149091
0.003108 1.079358
0.003114 1.008857
0.003120 0.938606
0.003126 0.869623
0.003132 0.802893
0.003138 0.739330
0.003144 0.679728
0.003150 0.623877
0.003156 0.563243
0.003162 0.498676
0.003168 0.435229
0.003174 0.381920
0.003180 0.353480
0.003186 0.366579
0.003192 0.427649
0.003198 0.529715
0.003204 0.662249
0.003210 0.799435
0.003216 0.924465
0.003222 1.035732
0.003228 1.133166
0.003234 1.217189
0.003240 1.288359
0.003246 1.347247
0.003252 1.394396
0.003258 1.430317
0.003264 1.455496
0.003270 1.470407
0.003276 1.475526
0.003282 1.471350
0.003288 1.458398
0.003294 1.437227
0.003300 1.408436
0.003306 1.372674
0.003312 1.330638
0.003318 1.283075
0.003324 1.230780
0.003330 1.174593
0.003336 1.115393
0.003342 1.054082
0.003348 0.991584
0.003354 0.928824
0.003360 0.866706
0.003366 0.806095
0.003372 0.747784
0.003378 0.692463
0.003384 0.640681
0.003390 0.588936
0.003396 0.531645
0.003402 0.470603
0.003408 0.409206
0.003414 0.353353
0.003420 0.313256
0.003426 0.303253
0.003432 0.333876
0.003438 0.403013
0.003444 0.501504
0.003450 0.621481
0.003456 0.742972
0.003462 0.851730
0.003468 0.947372
0.003474 1.030387
0.003480 1.101507
0.003486 1.161484
0.003492 1.211017
0.003498 1.250745
0.003504 1.281242
0.003510 1.303033
0.003516 1.316611
0.003522 1.322450
0.003528 1.321014
0.003534 1.312770
0.003540 1.298199
0.003546 1.277796
0.003552 1.252081
0.003558 1.221595
0.003564 1.186906
0.003570 1.148606
0.003576 1.107303
0.003582 1.063623
0.003588 1.018203
0.003594 0.971677
0.003600 0.924673
0.003606 0.877804
0.003612 0.831649
0.003618 0.786750
0.003624 0.743602
0.003630 0.702640
0.003636 0.664243
0.003642 0.628733
0.003648 0.596382
0.003654 0.564411
0.003660 0.530504
0.003666 0.495480
0.003672 0.460153
0.003678 0.425339
0.003684 0.391867
0.003690 0.360596
0.003696 0.332454
0.003702 0.308474
0.003708 0.289844
0.003714 0.277926
0.003720 0.274198
0.003726 0.280111
0.003732 0.296907
0.003738 0.325530
0.003744 0.366716
0.003750 0.421191
0.003756 0.489845
0.003762 0.573329
0.003768 0.661859
0.003774 0.749215
0.003780 0.835331
0.003786 0.919985
0.003792 1.002830
0.003798 1.083431
0.003804 1.161271
0.003810 1.235786
0.003816 1.306381
0.003822 1.372443
0.003828 1.433365
0.003834 1.488554
0.003840 1.537447
0.003846 1.579530
0.003852 1.614335
0.003858 1.641469
0.003864 1.660605
0.003870 1.671506
0.003876 1.674020
0.003882 1.668093
0.003888 1.653771
0.003894 1.631203
0.003900 1.600642
0.003906 1.562450
0.003912 1.517089
0.003918 1.465132
0.003924 1.407244
0.003930 1.344189
0.003936 1.276821
0.003942 1.206072
0.003948 1.132950
0.003954 1.058521
0.003960 0.983895
0.003966 0.910206
0.003972 0.838583
0.003978 0.770115
0.003984 0.705793
0.003990 0.646087
0.003996 0.583927
0.004002 0.517720
0.004008 0.453627
0.004014 0.402647
0.004020 0.381972
0.004026 0.408756
0.004032 0.486968
0.004038 0.607936
0.004044 0.755665
0.004050 0.897111
0.004056 1.025528
0.004062 1.139654
0.004068 1.239419
0.004074 1.325156
0.004080 1.397318
0.004086 1.456379
0.004092 1.502801
0.004098 1.537032
0.004104 1.559521
0.004110 1.570720
0.004116 1.571111
0.004122 1.561211
0.004128 1.541583
0.004134 1.512848
0.004140 1.475691
0.004146 1.430860
0.004152 1.379175
0.004158 1.321524
0.004164 1.258862
0.004170 1.192205
0.004176 1.122627
0.004182 1.051245
0.004188 0.979211
0.004194 0.907690
0.004200 0.837838
0.004206 0.770757
0.004212 0.707461
0.004218 0.648624
0.004224 0.587911
0.004230 0.522560
0.004236 0.458116
0.004242 0.404530
0.004248 0.377933
0.004254 0.396151
0.004260 0.465668
0.004266 0.579085
0.004272 0.724026
0.004278 0.866504
0.004284 0.996454
0.004290 1.112290
0.004296 1.213840
0.004302 1.301414
0.004308 1.375465
0.004314 1.436471
0.004320 1.484903
0.004326 1.521209
0.004332 1.545838
0.004338 1.559238
0.004344 1.561881
0.004350 1.554268
0.004356 1.536949
0.004362 1.510523
0.004368 1.475651
0.004374 1.433058
0.004380 1.383535
0.004386 1.327941
0.004392 1.267200
0.004398 1.202296
0.004404 1.134269
0.004410 1.064205
0.004416 0.993221
0.004422 0.922454
0.004428 0.853026
0.004434 0.786025
0.004440 0.722453
0.004446 0.663170
0.004452 0.604768
0.004458 0.540987
0.004464 0.475673
0.004470 0.416550
0.004476 0.376958
0.004482 0.374932
0.004488 0.422668
0.004494 0.517271
0.004500 0.648604
0.004506 0.793049
0.004512 0.926808
0.004518 1.046918
0.004524 1.152848
0.004530 1.244806
0.004536 1.323243
0.004542 1.388663
0.004548 1.441560
0.004554 1.482410
0.004560 1.511672
0.004566 1.529801
0.004572 1.537260
0.004578 1.534539
0.004584 1.522157
0.004590 1.500682
0.004596 1.470735
0.004602 1.432993
0.004608 1.388195
0.004614 1.337144
0.004620 1.280699
0.004626 1.219784
0.004632 1.155369
0.004638 1.088472
0.004644 1.020141
0.004650 0.951446
0.004656 0.883450
0.004662 0.817189
0.004668 0.753634
0.004674 0.693649
0.004680 0.637636
0.004686 0.579011
0.004692 0.515454
0.004698 0.451317
0.004704 0.394343
0.004710 0.357741
0.004716 0.358668
0.004722 0.407420
0.004728 0.499834
0.004734 0.625941
0.004740 0.765369
0.004746 0.894233
0.004752 1.009564
0.004758 1.111020
0.004764 1.198933
0.004770 1.273835
0.004776 1.336291
0.004782 1.386846
0.004788 1.426011
0.004794 1.454270
0.004800 1.472094
0.004806 1.479956
0.004812 1.478337
0.004818 1.467748
0.004824 1.448734
0.004830 1.421881
0.004836 1.387822
0.004842 1.347243
0.004848 1.300877
0.004854 1.249514
0.004860 1.193983
0.004866 1.135158
0.004872 1.073943
0.004878 1.011266
0.004884 0.948061
0.004890 0.885250
0.004896 0.823723
0.004902 0.764305
0.004908 0.707731
0.004914 0.654599
0.004920 0.603747
0.004926 0.547388
0.004932 0.486679
0.004938 0.424733
0.004944 0.366908
0.004950 0.322600
0.004956 0.305859
0.004962 0.329052
0.004968 0.392540
0.004974 0.487604
0.004980 0.606119
0.004986 0.730240
0.004992 0.842080
0.004998 0.940726
0.005004 1.026560
0.005010 1.100274
0.005016 1.162611
0.005022 1.214272
0.005028 1.255896
0.005034 1.288063
0.005040 1.311303
0.005046 1.326111
0.005052 1.332964
0.005058 1.332330
0.005064 1.324677
0.005070 1.310491
0.005076 1.290273
0.005082 1.264546
0.005088 1.233863
0.005094 1.198797
0.005100 1.159952
0.005106 1.117951
0.005112 1.073433
0.005118 1.027052
0.005124 0.979461
0.005130 0.931307
0.005136 0.883225
0.005142 0.835815
0.005148 0.789640
0.005154 0.745210
0.005160 0.702977
0.005166 0.663326
0.005172 0.626585
0.005178 0.592806
0.005184 0.558166
0.005190 0.521205
0.005196 0.482705
0.005202 0.443430
0.005208 0.404124
0.005214 0.365507
0.005220 0.328282
0.005226 0.293147
0.005232 0.260825
0.005238 0.232112
0.005244 0.207968
0.005250 0.189596
0.005256 0.178487
0.005262 0.176253
0.005268 0.184233
0.005274 0.203151
0.005280 0.233213
0.005286 0.274520
0.005292 0.327416
0.005298 0.392604
0.005304 0.471140
0.005310 0.564386
0.005316 0.663891
0.005322 0.759945
0.005328 0.852669
0.005334 0.942056
0.005340 1.027957
0.005346 1.110106
0.005352 1.188151
0.005358 1.261672
0.005364 1.330209
0.005370 1.393280
0.005376 1.450398
0.005382 1.501091
0.005388 1.544912
0.005394 1.581456
0.005400 1.610373
0.005406 1.631376
0.005412 1.644249
0.005418 1.648859
0.005424 1.645159
0.005430 1.633197
0.005436 1.613115
0.005442 1.585158
0.005448 1.549664
0.005454 1.507079
0.005460 1.457940
0.005466 1.402884
0.005472 1.342638
0.005478 1.278013
0.005484 1.209897
0.005490 1.139249
0.005496 1.067079
0.005502 0.994445
0.005508 0.922421
0.005514 0.852081
0.005520 0.784457
0.005526 0.720501
0.005532 0.661021
0.005538 0.602141
0.005544 0.537989
0.005550 0.472533
0.005556 0.413539
0.005562 0.374385
0.005568 0.372999
0.005574 0.421193
0.005580 0.515743
0.005586 0.646482
0.005592 0.790004
0.005598 0.922728
0.005604 1.041782
0.005610 1.146677
0.005616 1.237652
0.005622 1.315175
0.005628 1.379764
0.005634 1.431930
0.005640 1.472158
0.005646 1.500915
0.005652 1.518666
0.005658 1.525878
0.005664 1.523043
0.005670 1.510685
0.005676 1.489372
0.005682 1.459722
0.005688 1.422409
0.005694 1.378165
0.005700 1.327783
0.005706 1.272114
0.005712 1.212066
0.005718 1.148594
0.005724 1.082696
0.005730 1.015398
0.005736 0.947743
0.005742 0.880767
0.005748 0.815473
0.005754 0.752801
0.005760 0.693580
0.005766 0.638296
0.005772 0.580844
0.005778 0.518181
0.005784 0.454157
0.005790 0.395570
0.005796 0.354236
0.005802 0.346699
0.005808 0.385176
0.005814 0.467792
0.005820 0.584846
0.005826 0.722636
0.005832 0.852110
0.005838 0.968359
0.005844 1.070858
0.005850 1.159907
0.005856 1.236053
0.005862 1.299888
0.005868 1.351986
0.005874 1.392881
0.005880 1.423074
0.005886 1.443047
0.005892 1.453269
0.005898 1.454222
0.005904 1.446400
0.005910 1.430330
0.005916 1.406573
0.005922 1.375733
0.005928 1.338458
0.005934 1.295444
0.005940 1.247433
0.005946 1.195208
0.005952 1.139591
0.005958 1.081433
0.005964 1.021607
0.005970 0.960991
0.005976 0.900456
0.005982 0.840843
0.005988 0.782940
0.005994 0.727455
0.006000 0.674987
0.006006 0.625939
0.006012 0.575284
0.006018 0.519234
0.006024 0.459628
0.006030 0.399309
0.006036 0.343104
0.006042 0.299451
0.006048 0.281081
0.006054 0.299446
0.006060 0.354962
0.006066 0.439300
0.006072 0.544581
0.006078 0.663021
0.006084 0.771210
0.006090 0.866515
0.006096 0.949410
0.006102 1.020696
0.006108 1.081211
0.006114 1.131741
0.006120 1.172991
0.006126 1.205591
0.006132 1.230104
0.006138 1.247043
0.006144 1.256884
0.006150 1.260081
0.006156 1.257078
0.006162 1.248314
0.006168 1.234235
0.006174 1.215295
0.006180 1.191965
0.006186 1.164729
0.006192 1.134087
0.006198 1.100553
0.006204 1.064654
0.006210 1.026924
0.006216 0.987896
0.006222 0.948107
0.006228 0.908077
0.006234 0.868313
0.006240 0.829300
0.006246 0.791491
0.006252 0.755309
0.006258 0.721141
0.006264 0.689345
0.006270 0.660250
0.006276 0.634169
0.006282 0.611416
0.006288 0.592316
0.006294 0.577221
0.006300 0.565922
0.006306 0.558385
0.006312 0.555989
0.006318 0.560279
0.006324 0.571487
0.006330 0.588765
0.006336 0.612175
0.006342 0.641627
0.006348 0.676862
0.006354 0.717474
0.006360 0.762938
0.006366 0.812632
0.006372 0.865872
0.006378 0.921921
0.006384 0.980016
0.006390 1.039375
0.006396 1.099203
0.006402 1.158715
0.006408 1.217125
0.006414 1.273665
0.006420 1.327596
0.006426 1.378201
0.006432 1.424809
0.006438 1.466789
0.006444 1.503567
0.006450 1.534627
0.006456 1.559522
0.006462 1.577876
0.006468 1.589392
0.006474 1.593860
0.006480 1.591151
0.006486 1.581234
0.006492 1.564168
0.006498 1.540104
0.006504 1.509291
0.006510 1.472069
0.006516 1.428869
0.006522 1.380211
0.006528 1.326695
0.006534 1.269000
0.006540 1.207875
0.006546 1.144122
0.006552 1.078600
0.006558 1.012196
0.006564 0.945814
0.006570 0.880356
0.006576 0.816692
0.006582 0.755630
0.006588 0.697876
0.006594 0.643995
0.006600 0.590053
0.006606 0.530590
0.006612 0.467879
0.006618 0.406169
0.006624 0.352971
0.006630 0.320798
0.006636 0.324821
0.006642 0.372226
0.006648 0.457281
0.006654 0.570535
0.006660 0.700036
0.006666 0.819900
0.006672 0.926529
0.006678 1.019901
0.006684 1.100567
0.006690 1.169221
0.006696 1.226553
0.006702 1.273205
0.006708 1.309765
0.006714 1.336769
0.006720 1.354723
0.006726 1.364108
0.006732 1.365403
0.006738 1.359088
0.006744 1.345658
0.006750 1.325632
0.006756 1.299554
0.006762 1.267997
0.006768 1.231567
0.006774 1.190900
0.006780 1.146658
0.006786 1.099531
0.006792 1.050219
0.006798 0.999434
0.006804 0.947884
0.006810 0.896265
0.006816 0.845243
0.006822 0.795443
0.006828 0.747430
0.006834 0.701698
0.006840 0.658663
0.006846 0.618650
0.006852 0.579928
0.006858 0.537609
0.006864 0.492107
0.006870 0.444239
0.006876 0.394855
0.006882 0.344869
0.006888 0.295336
0.006894 0.247608
0.006900 0.203671
0.006906 0.166768
0.006912 0.142097
0.006918 0.135564
0.006924 0.148439
0.006930 0.175445
0.006936 0.210329
0.006942 0.249144
0.006948 0.289897
0.006954 0.331712
0.006960 0.374327
0.006966 0.417858
0.006972 0.462679
0.006978 0.509373
0.006984 0.558400
0.006990 0.604360
0.006996 0.644777
0.007002 0.680800
0.007008 0.713389
0.007014 0.743333
0.007020 0.771280
0.007026 0.797744
0.007032 0.823129
0.007038 0.847737
0.007044 0.871785
0.007050 0.895415
0.007056 0.918702
0.007062 0.941669
0.007068 0.964287
0.007074 0.986491
0.007080 1.008184
0.007086 1.029241
0.007092 1.049519
0.007098 1.068863
0.007104 1.087108
0.007110 1.104087
0.007116 1.119634
0.007122 1.133589
0.007128 1.145802
0.007134 1.156134
0.007140 1.164464
0.007146 1.170686
0.007152 1.174721
0.007158 1.176505
0.007164 1.176005
0.007170 1.173210
0.007176 1.168136
0.007182 1.160825
0.007188 1.151344
0.007194 1.139792
0.007200 1.126286
0.007206 1.110970
0.007212 1.094011
0.007218 1.075596
0.007224 1.055929
0.007230 1.035230
0.007236 1.013734
0.007242 0.991686
0.007248 0.969336
0.007254 0.946940
0.007260 0.924757
0.007266 0.903044
0.007272 0.882056
0.007278 0.862043
0.007284 0.843248
0.007290 0.825906
0.007296 0.810243
0.007302 0.796476
0.007308 0.784809
0.007314 0.775434
0.007320 0.768528
0.007326 0.764250
0.007332 0.762735
0.007338 0.764094
0.007344 0.768405
0.007350 0.775710
0.007356 0.786009
0.007362 0.799258
0.007368 0.815363
0.007374 0.834187
0.007380 0.855540
0.007386 0.879194
0.007392 0.904874
0.007398 0.932276
0.007404 0.961062
0.007410 0.990869
0.007416 1.021319
0.007422 1.052018
0.007428 1.082565
0.007434 1.112562
0.007440 1.141609
0.007446 1.169321
0.007452 1.195322
0.007458 1.219261
0.007464 1.240803
0.007470 1.259647
0.007476 1.275521
0.007482 1.288188
0.007488 1.297448
0.007494 1.303145
0.007500 1.305163
0.007506 1.303436
0.007512 1.297941
0.007518 1.288701
0.007524 1.275791
0.007530 1.259328
0.007536 1.239478
0.007542 1.216449
0.007548 1.190490
0.007554 1.161891
0.007560 1.130974
0.007566 1.098089
0.007572 1.063615
0.007578 1.027946
0.007584 0.991494
0.007590 0.954671
0.007596 0.917896
0.007602 0.881579
0.007608 0.846118
0.007614 0.811896
0.007620 0.779279
0.007626 0.748610
0.007632 0.720215
0.007638 0.694405
0.007644 0.671481
0.007650 0.651741
0.007656 0.635489
0.007662 0.623035
0.007668 0.614698
0.007674 0.610798
0.007680 0.611634
0.007686 0.617472
0.007692 0.628502
0.007698 0.644829
0.007704 0.666445
0.007710 0.693219
0.007716 0.724902
0.007722 0.761137
0.007728 0.801471
0.007734 0.845374
0.007740 0.892261
0.007746 0.941499
0.007752 0.992424
0.007758 1.044356
0.007764 1.096605
0.007770 1.148477
0.007776 1.199286
0.007782 1.248360
0.007788 1.295049
0.007794 1.338730
0.007800 1.378814
0.007806 1.414754
0.007812 1.446054
0.007818 1.472269
0.007824 1.493015
0.007830 1.507975
0.007836 1.516898
0.007842 1.519612
0.007848 1.516020
0.007854 1.506104
0.007860 1.489928
0.007866 1.467638
0.007872 1.439463
0.007878 1.405709
0.007884 1.366762
0.007890 1.323082
0.007896 1.275193
0.007902 1.223688
0.007908 1.169210
0.007914 1.112452
0.007920 1.054135
0.007926 0.995006
0.007932 0.935819
0.007938 0.877313
0.007944 0.820196
0.007950 0.765121
0.007956 0.712663
0.007962 0.663294
0.007968 0.617246
0.007974 0.569588
0.007980 0.517023
0.007986 0.460856
0.007992 0.402853
0.007998 0.345721
0.008004 0.294025
0.008010 0.255607
0.008016 0.241647
0.008022 0.260558
0.008028 0.310265
0.008034 0.382484
0.008040 0.470431
0.008046 0.570475
0.008052 0.670937
0.008058 0.759166
0.008064 0.835639
0.008070 0.901366
0.008076 0.957360
0.008082 1.004543
0.008088 1.043726
0.008094 1.075620
0.008100 1.100843
0.008106 1.119940
0.008112 1.133395
0.008118 1.141646
0.008124 1.145099
0.008130 1.144133
0.008136 1.139116
0.008142 1.130403
0.008148 1.118346
0.008154 1.103299
0.008160 1.085612
0.008166 1.065644
0.008172 1.043752
0.008178 1.020300
0.008184 0.995648
0.008190 0.970159
0.008196 0.944192
0.008202 0.918100
0.008208 0.892229
0.008214 0.866915
0.008220 0.842483
0.008226 0.819248
0.008232 0.797506
0.008238 0.777545
0.008244 0.759641
0.008250 0.744054
0.008256 0.731037
0.008262 0.720828
0.008268 0.713651
0.008274 0.709710
0.008280 0.709188
0.008286 0.712231
0.008292 0.718948
0.008298 0.729393
0.008304 0.743563
0.008310 0.761393
0.008316 0.782748
0.008322 0.807429
0.008328 0.835172
0.008334 0.865661
0.008340 0.898523
0.008346 0.933350
0.008352 0.969698
0.008358 1.007097
0.008364 1.045060
0.008370 1.083090
0.008376 1.120689
0.008382 1.157358
0.008388 1.192611
0.008394 1.225977
0.008400 1.257004
0.008406 1.285270
0.008412 1.310382
0.008418 1.331987
0.008424 1.349769
0.008430 1.363462
0.008436 1.372847
0.008442 1.377756
0.008448 1.378079
0.008454 1.373761
0.008460 1.364804
0.008466 1.351273
0.008472 1.333289
0.008478 1.311030
0.008484 1.284733
0.008490 1.254686
0.008496 1.221229
0.008502 1.184746
0.008508 1.145663
0.008514 1.104439
0.008520 1.061562
0.008526 1.017536
0.008532 0.972878
0.008538 0.928108
0.008544 0.883731
0.008550 0.840240
0.008556 0.798098
0.008562 0.757735
0.008568 0.719542
0.008574 0.683869
0.008580 0.651032
0.008586 0.621324
0.008592 0.595029
0.008598 0.571587
0.008604 0.548542
0.008610 0.526673
0.008616 0.507102
0.008622 0.491050
0.008628 0.479854
0.008634 0.474970
0.008640 0.477958
0.008646 0.490443
0.008652 0.514049
0.008658 0.550359
0.008664 0.596024
0.008670 0.646451
0.008676 0.701229
0.008682 0.759827
0.008688 0.821627
0.008694 0.885948
0.008700 0.952059
0.008706 1.019196
0.008712 1.086574
0.008718 1.153399
0.008724 1.218870
0.008730 1.282198
0.008736 1.342606
0.008742 1.399348
0.008748 1.451709
0.008754 1.499017
0.008760 1.540658
0.008766 1.576073
0.008772 1.604776
0.008778 1.626355
0.008784 1.640483
0.008790 1.646920
0.008796 1.645520
0.008802 1.636237
0.008808 1.619124
0.008814 1.594334
0.008820 1.562129
0.008826 1.522867
0.008832 1.477012
0.008838 1.425123
0.008844 1.367854
0.008850 1.305945
0.008856 1.240219
0.008862 1.171570
0.008868 1.100952
0.008874 1.029368
0.008880 0.957851
0.008886 0.887439
0.008892 0.819152
0.008898 0.753949
0.008904 0.692680
0.008910 0.635548
0.008916 0.575195
0.008922 0.510447
0.008928 0.446282
0.008934 0.391588
0.008940 0.361062
0.008946 0.371935
0.008952 0.431778
0.008958 0.534169
0.008964 0.668328
0.008970 0.807635
0.008976 0.934909
0.008982 1.048366
0.008988 1.147844
0.008994 1.233717
0.009000 1.306512
0.009006 1.366779
0.009012 1.415044
0.009018 1.451806
0.009024 1.477542
0.009030 1.492721
0.009036 1.497822
0.009042 1.493339
0.009048 1.479797
0.009054 1.457766
0.009060 1.427856
0.009066 1.390733
0.009072 1.347117
0.009078 1.297779
0.009084 1.243546
0.009090 1.185292
0.009096 1.123932
0.009102 1.060415
0.009108 0.995710
0.009114 0.930793
0.009120 0.866624
0.009126 0.804120
0.009132 0.744129
0.009138 0.687382
0.009144 0.634364
0.009150 0.579481
0.009156 0.519131
0.009162 0.456223
0.009168 0.395723
0.009174 0.346428
0.009180 0.322303
0.009186 0.337918
0.009192 0.397067
0.009198 0.492010
0.009204 0.613741
0.009210 0.743305
0.009216 0.860986
0.009222 0.965285
0.009228 1.056368
0.009234 1.134818
0.009240 1.201309
0.009246 1.256503
0.009252 1.301010
0.009258 1.335389
0.009264 1.360159
0.009270 1.375809
0.009276 1.382815
0.009282 1.381654
0.009288 1.372813
0.009294 1.356797
0.009300 1.334140
0.009306 1.305405
0.009312 1.271191
0.009318 1.232127
0.009324 1.188878
0.009330 1.142139
0.009336 1.092627
0.009342 1.041075
0.009348 0.988223
0.009354 0.934809
0.009360 0.881551
0.009366 0.829136
0.009372 0.778196
0.009378 0.729299
0.009384 0.682933
0.009390 0.639486
0.009396 0.598826
0.009402 0.555393
0.009408 0.507985
0.009414 0.457515
0.009420 0.405015
0.009426 0.351734
0.009432 0.299374
0.009438 0.250564
0.009444 0.209733
0.009450 0.184004
0.009456 0.181311
0.009462 0.203590
0.009468 0.244950
0.009474 0.298384
0.009480 0.359498
0.009486 0.426156
0.009492 0.497559
0.009498 0.573045
0.009504 0.642548
0.009510 0.702340
0.009516 0.753750
0.009522 0.797956
0.009528 0.835978
0.009534 0.868683
0.009540 0.896800
0.009546 0.920946
0.009552 0.941635
0.009558 0.959296
0.009564 0.974290
0.009570 0.986919
0.009576 0.997434
0.009582 1.006050
0.009588 1.012949
0.009594 1.018286
0.009600 1.022198
0.009606 1.024804
0.009612 1.026213
0.009618 1.026524
0.009624 1.025830
0.009630 1.024222
0.009636 1.021783
0.009642 1.018602
0.009648 1.014760
0.009654 1.010344
0.009660 1.005440
0.009666 1.000134
0.009672 0.994513
0.009678 0.988664
0.009684 0.982675
0.009690 0.976636
0.009696 0.970632
0.009702 0.964749
0.009708 0.959074
0.009714 0.953686
0.009720 0.948665
0.009726 0.944084
0.009732 0.940014
0.009738 0.936520
0.009744 0.933660
0.009750 0.931484
0.009756 0.930036
0.009762 0.929353
0.009768 0.929461
0.009774 0.930376
0.009780 0.932107
0.009786 0.934648
0.009792 0.937989
0.009798 0.942105
0.009804 0.946960
0.009810 0.952510
0.009816 0.958699
0.009822 0.965464
0.009828 0.972731
0.009834 0.980418
0.009840 0.988437
0.009846 0.996692
0.009852 1.005085
0.009858 1.013511
0.009864 1.021867
0.009870 1.030044
0.009876 1.037938
0.009882 1.045443
0.009888 1.052459
0.009894 1.058890
0.009900 1.064646
0.009906 1.069643
0.009912 1.073806
0.009918 1.077072
0.009924 1.079384
0.009930 1.080698
0.009936 1.080983
0.009942 1.080218
0.009948 1.078396
0.009954 1.075525
0.009960 1.071622
0.009966 1.066719
0.009972 1.060861
0.009978 1.054103
0.009984 1.046515
0.009990 1.038175
0.009996 1.029172
0.010002 1.019604
0.010008 1.009578
0.010014 0.999207
0.010020 0.988610
0.010026 0.977909
0.010032 0.967230
0.010038 0.956703
0.010044 0.946455
0.010050 0.936611
0.010056 0.927301
0.010062 0.918642
0.010068 0.910752
0.010074 0.903743
0.010080 0.897716
0.010086 0.892766
0.010092 0.888975
0.010098 0.886418
0.010104 0.885154
0.010110 0.885229
0.010116 0.886672
0.010122 0.889499
0.010128 0.893707
0.010134 0.899275
0.010140 0.906164
0.010146 0.914317
0.010152 0.923658
0.010158 0.934093
0.010164 0.945511
0.010170 0.957788
0.010176 0.970783
0.010182 0.984342
0.010188 0.998303
0.010194 1.012493
0.010200 1.026736
0.010206 1.040850
0.010212 1.054654
0.010218 1.067966
0.010224 1.080610
0.010230 1.092414
0.010236 1.103215
0.010242 1.112865
0.010248 1.121220
0.010254 1.128159
0.010260 1.133574
0.010266 1.137372
0.010272 1.139485
0.010278 1.139863
0.010284 1.138472
0.010290 1.135309
0.010296 1.130384
0.010302 1.123734
0.010308 1.115417
0.010314 1.105510
0.010320 1.094111
0.010326 1.081338
0.010332 1.067327
0.010338 1.052227
0.010344 1.036206
0.010350 1.019440
0.010356 1.002118
0.010362 0.984436
0.010368 0.966598
0.010374 0.948808
0.010380 0.931275
0.010386 0.914207
0.010392 0.897810
0.010398 0.882285
0.010404 0.867828
0.010410 0.854629
0.010416 0.842867
0.010422 0.832712
0.010428 0.824325
0.010434 0.817847
0.010440 0.813409
0.010446 0.811120
0.010452 0.811070
0.010458 0.813323
0.010464 0.817917
0.010470 0.824860
0.010476 0.834129
0.010482 0.845665
0.010488 0.859376
0.010494 0.875136
0.010500 0.892784
0.010506 0.912129
0.010512 0.932950
0.010518 0.955002
0.010524 0.978017
0.010530 1.001708
0.010536 1.025778
0.010542 1.049917
0.010548 1.073814
0.010554 1.097156
0.010560 1.119634
0.010566 1.140947
0.010572 1.160805
0.010578 1.178936
0.010584 1.195086
0.010590 1.209024
0.010596 1.220546
0.010602 1.229473
0.010608 1.235661
0.010614 1.238996
0.010620 1.239401
0.010626 1.236833
0.010632 1.231287
0.010638 1.222795
0.010644 1.211426
0.010650 1.197285
0.010656 1.180513
0.010662 1.161283
0.010668 1.139802
0.010674 1.116304
0.010680 1.091048
0.010686 1.064318
0.010692 1.036415
0.010698 1.007654
0.010704 0.978361
0.010710 0.948868
0.010716 0.919507
0.010722 0.890609
0.010728 0.862500
0.010734 0.835496
0.010740 0.809906
0.010746 0.786023
0.010752 0.764132
0.010758 0.744509
0.010764 0.727418
0.010770 0.713117
0.010776 0.701852
0.010782 0.693861
0.010788 0.689367
0.010794 0.688571
0.010800 0.691637
0.010806 0.698691
0.010812 0.709799
0.010818 0.724965
0.010824 0.744118
0.010830 0.767112
0.010836 0.793727
0.010842 0.823672
0.010848 0.856596
0.010854 0.892091
0.010860 0.929704
0.010866 0.968952
0.010872 1.009320
0.010878 1.050282
0.010884 1.091297
0.010890 1.131825
0.010896 1.171328
0.010902 1.209283
0.010908 1.245183
0.010914 1.278543
0.010920 1.308907
0.010926 1.335856
0.010932 1.359009
0.010938 1.378032
0.010944 1.392637
0.010950 1.402593
0.010956 1.407722
0.010962 1.407907
0.010968 1.403093
0.010974 1.393287
0.010980 1.378561
0.010986 1.359048
0.010992 1.334946
0.010998 1.306514
0.011004 1.274069
0.011010 1.237980
0.011016 1.198668
0.011022 1.156597
0.011028 1.112268
0.011034 1.066212
0.011040 1.018981
0.011046 0.971136
0.011052 0.923237
0.011058 0.875837
0.011064 0.829460
0.011070 0.784599
0.011076 0.741704
0.011082 0.701173
0.011088 0.663352
0.011094 0.628542
0.011100 0.597008
0.011106 0.566494
0.011112 0.534510
0.011118 0.501839
0.011124 0.469348
0.011130 0.437926
0.011136 0.408503
0.011142 0.382078
0.011148 0.359753
0.011154 0.342769
0.011160 0.332512
0.011166 0.330469
0.011172 0.338129
0.011178 0.356851
0.011184 0.387788
0.011190 0.431943
0.011196 0.490293
0.011202 0.563630
0.011208 0.643737
0.011214 0.724203
0.011220 0.804821
0.011226 0.885257
0.011232 0.965070
0.011238 1.043736
0.011244 1.120666
0.011250 1.195227
0.011256 1.266754
0.011262 1.334573
0.011268 1.398008
0.011274 1.456402
0.011280 1.509124
0.011286 1.555587
0.011292 1.595252
0.011298 1.627645
0.011304 1.652366
0.011310 1.669090
0.011316 1.677583
0.011322 1.677707
0.011328 1.669420
0.011334 1.652783
0.011340 1.627963
0.011346 1.595236
0.011352 1.554982
0.011358 1.507691
0.011364 1.453953
0.011370 1.394459
0.011376 1.329996
0.011382 1.261438
0.011388 1.189741
0.011394 1.115928
0.011400 1.041084
0.011406 0.966331
0.011412 0.892810
0.011418 0.821652
0.011424 0.753934
0.011430 0.690622
0.011436 0.631583
0.011442 0.567813
0.011448 0.501302
0.011454 0.439305
0.011460 0.394580
0.011466 0.385501
0.011472 0.426825
0.011478 0.518164
0.011484 0.649524
0.011490 0.797627
0.011496 0.936086
0.011502 1.060949
0.011508 1.171403
0.011514 1.267526
0.011520 1.349698
0.011526 1.418381
0.011532 1.474042
0.011538 1.517141
0.011544 1.548123
0.011550 1.567433
0.011556 1.575536
0.011562 1.572921
0.011568 1.560118
0.011574 1.537709
0.011580 1.506335
0.011586 1.466700
0.011592 1.419580
0.011598 1.365817
0.011604 1.306323
0.011610 1.242079
0.011616 1.174124
0.011622 1.103554
0.011628 1.031507
0.011634 0.959151
0.011640 0.887662
0.011646 0.818195
0.011652 0.751851
0.011658 0.689613
0.011664 0.631433
0.011670 0.568608
0.011676 0.502631
0.011682 0.440334
0.011688 0.393805
0.011694 0.380960
0.011700 0.417322
0.011706 0.503850
0.011712 0.630938
0.011718 0.778461
0.011724 0.917555
0.011730 1.043280
0.011736 1.154693
0.011742 1.251838
0.011748 1.335083
0.011754 1.404893
0.011760 1.461738
0.011766 1.506077
0.011772 1.538357
0.011778 1.559020
0.011784 1.568524
0.011790 1.567350
0.011796 1.556020
0.011802 1.535100
0.011808 1.505217
0.011814 1.467061
0.011820 1.421386
0.011826 1.369017
0.011832 1.310848
0.011838 1.247834
0.011844 1.180996
0.011850 1.111405
0.011856 1.040177
0.011862 0.968458
0.011868 0.897403
0.011874 0.828149
0.011880 0.761782
0.011886 0.699282
0.011892 0.641029
0.011898 0.579793
0.011904 0.514352
0.011910 0.450504
0.011916 0.398621
0.011922 0.375197
0.011928 0.397507
0.011934 0.470581
0.011940 0.586337
0.011946 0.732188
0.011952 0.873181
0.011958 1.001423
0.011964 1.115537
0.011970 1.215433
0.011976 1.301449
0.011982 1.374054
0.011988 1.433732
0.011994 1.480957
0.012000 1.516180
0.012006 1.539852
0.012012 1.552423
0.012018 1.554365
0.012024 1.546185
0.012030 1.528430
0.012036 1.501703
0.012042 1.466661
0.012048 1.424028
0.012054 1.374592
0.012060 1.319209
0.012066 1.258795
0.012072 1.194326
0.012078 1.126831
0.012084 1.057383
0.012090 0.987083
0.012096 0.917044
0.012102 0.848371
0.012108 0.782121
0.012114 0.719264
0.012120 0.660630
0.012126 0.602678
0.012132 0.539300
0.012138 0.474178
0.012144 0.414647
0.012150 0.373458
0.012156 0.368281
0.012162 0.411875
0.012168 0.502160
0.012174 0.629148
0.012180 0.772342
0.012186 0.905791
0.012192 1.025739
0.012198 1.131595
0.012204 1.223570
0.012210 1.302126
0.012216 1.367786
0.012222 1.421062
0.012228 1.462441
0.012234 1.492394
0.012240 1.511379
0.012246 1.519863
0.012252 1.518329
0.012258 1.507291
0.012264 1.487309
0.012270 1.458986
0.012276 1.422983
0.012282 1.380018
0.012288 1.330865
0.012294 1.276361
0.012300 1.217395
0.012306 1.154904
0.012312 1.089868
0.012318 1.023298
0.012324 0.956218
0.012330 0.889650
0.012336 0.824586
0.012342 0.761961
0.012348 0.702603
0.012354 0.647194
0.012360 0.591312
0.012366 0.529869
0.012372 0.465954
0.012378 0.405297
0.012384 0.358027
0.012390 0.339623
0.012396 0.364584
0.012402 0.434816
0.012408 0.541563
0.012414 0.674472
0.012420 0.806189
0.012426 0.925189
0.012432 1.030528
0.012438 1.122390
0.012444 1.201303
0.012450 1.267878
0.012456 1.322713
0.012462 1.366364
0.012468 1.399351
0.012474 1.422166
0.012480 1.435283
0.012486 1.439180
0.012492 1.434344
0.012498 1.421285
0.012504 1.400548
0.012510 1.372711
0.012516 1.338396
0.012522 1.298268
0.012528 1.253037
0.012534 1.203452
0.012540 1.150301
0.012546 1.094398
0.012552 1.036583
0.012558 0.977702
0.012564 0.918596
0.012570 0.860086
0.012576 0.802944
0.012582 0.747879
0.012588 0.695501
0.012594 0.646302
0.012600 0.599622
0.012606 0.547887
0.012612 0.491598
0.012618 0.432589
0.012624 0.373694
0.012630 0.319726
0.012636 0.279023
0.012642 0.263747
0.012648 0.283770
0.012654 0.337962
0.012660 0.417877
0.012666 0.516227
0.012672 0.627567
0.012678 0.731888
0.012684 0.823527
0.012690 0.903088
0.012696 0.971469
0.012702 1.029576
0.012708 1.078251
0.012714 1.118239
0.012720 1.150201
0.012726 1.174720
0.012732 1.192319
0.012738 1.203476
0.012744 1.208634
0.012750 1.208220
0.012756 1.202645
0.012762 1.192319
0.012768 1.177654
0.012774 1.159065
0.012780 1.136979
0.012786 1.111831
0.012792 1.084063
0.012798 1.054129
0.012804 1.022485
0.012810 0.989588
0.012816 0.955895
0.012822 0.921857
0.012828 0.887915
0.012834 0.854490
0.012840 0.821992
0.012846 0.790804
0.012852 0.761292
0.012858 0.733798
0.012864 0.708650
0.012870 0.686158
0.012876 0.666630
0.012882 0.650370
0.012888 0.637683
0.012894 0.628881
0.012900 0.624266
0.012906 0.624128
0.012912 0.628720
0.012918 0.638235
0.012924 0.652788
0.012930 0.672394
0.012936 0.696957
0.012942 0.726272
0.012948 0.760028
0.012954 0.797821
0.012960 0.839168
0.012966 0.883530
0.012972 0.930312
0.012978 0.978891
0.012984 1.028620
0.012990 1.078839
0.012996 1.128881
0.013002 1.178085
0.013008 1.225801
0.013014 1.271396
0.013020 1.314263
0.013026 1.353824
0.013032 1.389543
0.013038 1.420927
0.013044 1.447531
0.013050 1.468972
0.013056 1.484924
0.013062 1.495128
0.013068 1.499397
0.013074 1.497615
0.013080 1.489746
0.013086 1.475825
0.013092 1.455974
0.013098 1.430388
0.013104 1.399340
0.013110 1.363178
0.013116 1.322321
0.013122 1.277258
0.013128 1.228535
0.013134 1.176754
0.013140 1.122562
0.013146 1.066641
0.013152 1.009697
0.013158 0.952445
0.013164 0.895593
0.013170 0.839824
0.013176 0.785777
0.013182 0.734025
0.013188 0.685055
0.013194 0.639252
0.013200 0.596206
0.013206 0.549059
0.013212 0.497748
0.013218 0.443408
0.013224 0.387486
0.013230 0.332053
0.013236 0.280446
0.013242 0.238387
0.013248 0.214864
0.013254 0.219002
0.013260 0.252041
0.013266 0.307067
0.013272 0.376764
0.013278 0.456758
0.013284 0.545042
0.013290 0.634711
0.013296 0.713204
0.013302 0.780885
0.013308 0.838928
0.013314 0.888428
0.013320 0.930353
0.013326 0.965541
0.013332 0.994707
0.013338 1.018473
0.013344 1.037368
0.013350 1.051853
0.013356 1.062335
0.013362 1.069173
0.013368 1.072693
0.013374 1.073196
0.013380 1.070959
0.013386 1.066251
0.013392 1.059327
0.013398 1.050437
0.013404 1.039827
0.013410 1.027742
0.013416 1.014422
0.013422 1.000109
0.013428 0.985043
0.013434 0.969461
0.013440 0.953600
0.013446 0.937692
0.013452 0.921964
0.013458 0.906640
0.013464 0.891936
0.013470 0.878058
0.013476 0.865209
0.013482 0.853577
0.013488 0.843342
0.013494 0.834670
0.013500 0.827713
0.013506 0.822608
0.013512 0.819476
0.013518 0.818415
0.013524 0.819502
0.013530 0.822789
0.013536 0.828301
0.013542 0.836032
0.013548 0.845946
0.013554 0.857972
0.013560 0.872010
0.013566 0.887925
0.013572 0.905551
0.013578 0.924695
0.013584 0.945136
0.013590 0.966632
0.013596 0.988920
0.013602 1.011722
0.013608 1.034751
0.013614 1.057712
0.013620 1.080306
0.013626 1.102236
0.013632 1.123212
0.013638 1.142950
0.013644 1.161182
0.013650 1.177657
0.013656 1.192139
0.013662 1.204421
0.013668 1.214317
0.013674 1.221673
0.013680 1.226362
0.013686 1.228292
0.013692 1.227402
0.013698 1.223669
0.013704 1.217101
0.013710 1.207746
0.013716 1.195684
0.013722 1.181030
0.013728 1.163933
0.013734 1.144572
0.013740 1.123154
0.013746 1.099915
0.013752 1.075113
0.013758 1.049025
0.013764 1.021945
0.013770 0.994180
0.013776 0.966043
0.013782 0.937852
0.013788 0.909928
0.013794 0.882585
0.013800 0.856134
0.013806 0.830877
0.013812 0.807105
0.013818 0.785100
0.013824 0.765135
0.013830 0.747470
0.013836 0.732357
0.013842 0.720040
0.013848 0.710749
0.013854 0.704702
0.013860 0.702097
0.013866 0.703104
0.013872 0.707855
0.013878 0.716440
0.013884 0.728888
0.013890 0.745166
0.013896 0.765170
0.013902 0.788732
0.013908 0.815609
0.013914 0.845503
0.013920 0.878053
0.013926 0.912858
0.013932 0.949475
0.013938 0.987429
0.013944 1.026230
0.013950 1.065366
0.013956 1.104325
0.013962 1.142591
0.013968 1.179660
0.013974 1.215034
0.013980 1.248242
0.013986 1.278829
0.013992 1.306378
0.013998 1.330504
0.014004 1.350860
0.014010 1.367149
0.014016 1.379117
0.014022 1.386566
0.014028 1.389353
0.014034 1.387390
0.014040 1.380651
0.014046 1.369169
0.014052 1.353037
0.014058 1.332412
0.014064 1.307506
0.014070 1.278589
0.014076 1.245984
0.014082 1.210065
0.014088 1.171249
0.014094 1.129995
0.014100 1.086789
0.014106 1.042145
0.014112 0.996591
0.014118 0.950662
0.014124 0.904887
0.014130 0.859782
0.014136 0.815837
0.014142 0.773509
0.014148 0.733217
0.014154 0.695333
0.014160 0.660187
0.014166 0.628077
0.014172 0.599279
0.014178 0.573112
0.014184 0.546596
0.014190 0.520381
0.014196 0.495481
0.014202 0.472974
0.014208 0.454039
0.014214 0.439969
0.014220 0.432181
0.014226 0.432201
0.014232 0.441607
0.014238 0.461961
0.014244 0.494742
0.014250 0.541358
0.014256 0.598753
0.014262 0.659955
0.014268 0.724272
0.014274 0.791202
0.014280 0.860168
0.014286 0.930524
0.014292 1.001574
0.014298 1.072586
0.014304 1.142806
0.014310 1.211463
0.014316 1.277788
0.014322 1.341019
0.014328 1.400413
0.014334 1.455259
0.014340 1.504883
0.014346 1.548665
0.014352 1.586039
0.014358 1.616511
0.014364 1.639661
0.014370 1.655151
0.014376 1.662736
0.014382 1.662259
0.014388 1.653670
0.014394 1.637016
0.014400 1.612451
0.014406 1.580233
0.014412 1.540727
0.014418 1.494399
0.014424 1.441820
0.014430 1.383655
0.014436 1.320664
0.014442 1.253687
0.014448 1.183644
0.014454 1.111521
0.014460 1.038356
0.014466 0.965223
0.014472 0.893210
0.014478 0.823388
0.014484 0.756775
0.014490 0.694283
0.014496 0.636047
0.014502 0.574202
0.014508 0.508494
0.014514 0.444788
0.014520 0.393548
0.014526 0.371272
0.014532 0.394795
0.014538 0.468421
0.014544 0.583779
0.014550 0.728409
0.014556 0.867819
0.014562 0.994390
0.014568 1.106850
0.014574 1.205164
0.014580 1.289707
0.014586 1.360971
0.014592 1.419463
0.014598 1.465669
0.014604 1.500060
0.014610 1.523091
0.014616 1.535226
0.014622 1.536943
0.014628 1.528748
0.014634 1.511191
0.014640 1.484871
0.014646 1.450440
0.014652 1.408614
0.014658 1.360168
0.014664 1.305939
0.014670 1.246825
0.014676 1.183778
0.014682 1.117800
0.014688 1.049926
0.014694 0.981221
0.014700 0.912757
0.014706 0.845586
0.014712 0.780715
0.014718 0.719060
0.014724 0.661401
0.014730 0.605108
0.014736 0.543231
0.014742 0.478618
0.014748 0.417320
0.014754 0.370049
0.014760 0.353055
0.014766 0.381265
0.014772 0.456410
0.014778 0.569481
0.014784 0.709076
0.014790 0.843189
0.014796 0.964376
0.014802 1.071704
0.014808 1.165311
0.014814 1.245672
0.014820 1.313345
0.014826 1.368885
0.014832 1.412814
0.014838 1.445622
0.014844 1.467785
0.014850 1.479770
0.014856 1.482053
0.014862 1.475129
0.014868 1.459528
0.014874 1.435818
0.014880 1.404612
0.014886 1.366575
0.014892 1.322422
0.014898 1.272920
0.014904 1.218883
0.014910 1.161171
0.014916 1.100679
0.014922 1.038330
0.014928 0.975059
0.014934 0.911802
0.014940 0.849468
0.014946 0.788917
0.014952 0.730933
0.014958 0.676175
0.014964 0.624844
0.014970 0.570677
0.014976 0.511271
0.014982 0.449241
0.014988 0.388967
0.014994 0.338187
0.015000 0.309545
0.015006 0.317451
0.015012 0.367334
0.015018 0.452563
0.015024 0.564026
0.015030 0.690785
0.015036 0.807698
0.015042 0.911460
0.015048 1.002187
0.015054 1.080495
0.015060 1.147115
0.015066 1.202762
0.015072 1.248091
0.015078 1.283700
0.015084 1.310128
0.015090 1.327883
0.015096 1.337443
0.015102 1.339279
0.015108 1.333858
0.015114 1.321662
0.015120 1.303187
0.015126 1.278955
0.015132 1.249511
0.015138 1.215429
0.015144 1.177308
0.015150 1.135772
0.015156 1.091465
0.015162 1.045044
0.015168 0.997174
0.015174 0.948517
0.015180 0.899719
0.015186 0.851404
0.015192 0.804159
0.015198 0.758519
0.015204 0.714962
0.015210 0.673897
0.015216 0.635669
0.015222 0.600549
0.015228 0.565379
0.015234 0.527482
0.015240 0.487631
0.015246 0.446584
0.015252 0.405071
0.015258 0.363789
0.015264 0.323398
0.015270 0.284520
0.015276 0.247743
0.015282 0.213635
0.015288 0.182795
0.015294 0.155931
0.015300 0.134037
0.015306 0.118588
0.015312 0.111547
0.015318 0.114726
0.015324 0.128790
0.015330 0.153270
0.015336 0.187567
0.015342 0.231602
0.015348 0.285854
0.015354 0.351209
0.015360 0.428832
0.015366 0.520104
0.015372 0.624489
0.015378 0.725628
0.015384 0.822172
0.015390 0.914300
0.015396 1.002036
0.015402 1.085277
0.015408 1.163812
0.015414 1.237353
0.015420 1.305551
0.015426 1.368027
0.015432 1.424384
0.015438 1.474228
0.015444 1.517182
0.015450 1.552905
0.015456 1.581099
0.015462 1.601521
0.015468 1.613996
0.015474 1.618423
0.015480 1.614783
0.015486 1.603140
0.015492 1.583652
0.015498 1.556567
0.015504 1.522227
0.015510 1.481071
0.015516 1.433624
0.015522 1.380506
0.015528 1.322418
0.015534 1.260138
0.015540 1.194518
0.015546 1.126470
0.015552 1.056951
0.015558 0.986958
0.015564 0.917495
0.015570 0.849559
0.015576 0.784104
0.015582 0.721998
0.015588 0.663975
0.015594 0.607952
0.015600 0.546390
0.015606 0.481772
0.015612 0.419679
0.015618 0.370022
0.015624 0.348309
0.015630 0.370067
0.015636 0.438696
0.015642 0.545824
0.015648 0.680653
0.015654 0.814932
0.015660 0.936573
0.015666 1.044427
0.015672 1.138589
0.015678 1.219541
0.015684 1.287865
0.015690 1.344140
0.015696 1.388911
0.015702 1.422690
0.015708 1.445964
0.015714 1.459209
0.015720 1.462906
0.015726 1.457549
0.015732 1.443659
0.015738 1.421794
0.015744 1.392552
0.015750 1.356578
0.015756 1.314564
0.015762 1.267250
0.015768 1.215422
0.015774 1.159905
0.015780 1.101558
0.015786 1.041268
0.015792 0.979930
0.015798 0.918438
0.015804 0.857665
0.015810 0.798439
0.015816 0.741509
0.015822 0.687524
0.015828 0.636997
0.015834 0.586377
0.015840 0.530287
0.015846 0.470320
0.015852 0.409394
0.015858 0.352488
0.015864 0.308316
0.015870 0.290041
0.015876 0.309551
0.015882 0.367434
0.015888 0.455269
0.015894 0.565047
0.015900 0.685625
0.015906 0.795311
0.015912 0.892004
0.015918 0.976134
0.015924 1.048461
0.015930 1.109789
0.015936 1.160873
0.015942 1.202395
0.015948 1.234967
0.015954 1.259141
0.015960 1.275425
0.015966 1.284293
0.015972 1.286206
0.015978 1.281616
0.015984 1.270979
0.015990 1.254758
0.015996 1.233435
0.016002 1.207507
0.016008 1.177490
0.016014 1.143921
0.016020 1.107350
0.016026 1.068347
0.016032 1.027484
0.016038 0.985339
0.016044 0.942487
0.016050 0.899487
0.016056 0.856880
0.016062 0.815180
0.016068 0.774860
0.016074 0.736358
0.016080 0.700066
0.016086 0.666335
0.016092 0.635485
0.016098 0.607816
0.016104 0.583552
0.016110 0.560697
0.016116 0.538469
0.016122 0.517949
0.016128 0.500305
0.016134 0.486815
0.016140 0.478874
0.016146 0.477993
0.016152 0.485771
0.016158 0.503836
0.016164 0.533805
0.016170 0.575854
0.016176 0.623443
0.016182 0.675634
0.016188 0.731950
0.016194 0.791809
0.016200 0.854560
0.016206 0.919492
0.016212 0.985855
0.016218 1.052874
0.016224 1.119756
0.016230 1.185704
0.016236 1.249923
0.016242 1.311628
0.016248 1.370060
0.016254 1.424488
0.016260 1.474217
0.016266 1.518606
0.016272 1.557068
0.016278 1.589079
0.016284 1.614192
0.016290 1.632037
0.016296 1.642329
0.016302 1.644875
0.016308 1.639579
0.016314 1.626443
0.016320 1.605568
0.016326 1.577159
0.016332 1.541528
0.016338 1.499082
0.016344 1.450329
0.016350 1.395876
0.016356 1.336414
0.016362 1.272724
0.016368 1.205661
0.016374 1.136145
0.016380 1.065151
0.016386 0.993693
0.016392 0.922805
0.016398 0.853513
0.016404 0.786806
0.016410 0.723588
0.016416 0.664629
0.016422 0.607356
0.016428 0.544620
0.016434 0.479422
0.016440 0.418177
0.016446 0.372196
0.016452 0.358246
0.016458 0.390795
0.016464 0.470448
0.016470 0.587777
0.016476 0.729009
0.016482 0.862933
0.016488 0.983709
0.016494 1.090517
0.016500 1.183522
0.016506 1.263199
0.016512 1.330101
0.016518 1.384773
0.016524 1.427731
0.016530 1.459465
0.016536 1.480447
0.016542 1.491148
0.016548 1.492053
0.016554 1.483665
0.016560 1.466527
0.016566 1.441220
0.016572 1.408377
0.016578 1.368680
0.016584 1.322867
0.016590 1.271726
0.016596 1.216097
0.016602 1.156866
0.016608 1.094952
0.016614 1.031306
0.016620 0.966889
0.016626 0.902661
0.016632 0.839554
0.016638 0.778446
0.016644 0.720128
0.016650 0.665265
0.016656 0.613539
0.016662 0.556765
0.016668 0.495412
0.016674 0.432821
0.016680 0.374792
0.016686 0.331478
0.016692 0.317722
0.016698 0.345813
0.016704 0.415291
0.016710 0.517067
0.016716 0.642230
0.016722 0.767872
0.016728 0.880782
0.016734 0.980340
0.016740 1.066916
0.016746 1.141163
0.016752 1.203774
0.016758 1.255412
0.016764 1.296685
0.016770 1.328146
0.016776 1.350309
0.016782 1.363663
0.016788 1.368682
0.016794 1.365843
0.016800 1.355630
0.016806 1.338550
0.016812 1.315134
0.016818 1.285940
0.016824 1.251561
0.016830 1.212621
0.016836 1.169772
0.016842 1.123692
0.016848 1.075082
0.016854 1.024654
0.016860 0.973119
0.016866 0.921188
0.016872 0.869547
0.016878 0.818843
0.016884 0.769679
0.016890 0.722584
0.016896 0.678014
0.016902 0.636338
0.016908 0.597486
0.016914 0.556416
0.016920 0.511738
0.016926 0.464278
0.016932 0.414887
0.016938 0.364481
0.016944 0.314113
0.016950 0.265116
0.016956 0.219420
0.016962 0.180154
0.016968 0.152446
0.016974 0.142728
0.016980 0.153692
0.016986 0.180855
0.016992 0.217601
0.016998 0.259446
0.017004 0.304080
0.017010 0.350471
0.017016 0.398306
0.017022 0.447702
0.017028 0.499068
0.017034 0.552945
0.017040 0.604091
0.017046 0.648559
0.017052 0.687597
0.017058 0.722263
0.017064 0.753436
0.017070 0.781843
0.017076 0.808078
0.017082 0.832616
0.017088 0.855832
0.017094 0.878011
0.017100 0.899364
0.017106 0.920031
0.017112 0.940100
0.017118 0.959611
0.017124 0.978562
0.017130 0.996917
0.017136 1.014614
0.017142 1.031571
0.017148 1.047689
0.017154 1.062857
0.017160 1.076960
0.017166 1.089879
0.017172 1.101498
0.017178 1.111706
0.017184 1.120398
0.017190 1.127480
0.017196 1.132874
0.017202 1.136514
0.017208 1.138354
0.017214 1.138362
0.017220 1.136530
0.017226 1.132867
0.017232 1.127404
0.017238 1.120193
0.017244 1.111304
0.017250 1.100831
0.017256 1.088884
0.017262 1.075593
0.017268 1.061101
0.017274 1.045572
0.017280 1.029177
0.017286 1.012103
0.017292 0.994544
0.017298 0.976702
0.017304 0.958782
0.017310 0.940995
0.017316 0.923550
0.017322 0.906657
0.017328 0.890519
0.017334 0.875340
0.017340 0.861314
0.017346 0.848627
0.017352 0.837457
0.017358 0.827971
0.017364 0.820322
0.017370 0.814650
0.017376 0.811076
0.017382 0.809706
0.017388 0.810615
0.017394 0.813862
0.017400 0.819471
0.017406 0.827438
0.017412 0.837724
0.017418 0.850257
0.017424 0.864931
0.017430 0.881602
0.017436 0.900098
0.017442 0.920212
0.017448 0.941711
0.017454 0.964338
0.017460 0.987814
0.017466 1.011849
0.017472 1.036134
0.017478 1.060359
0.017484 1.084208
0.017490 1.107367
0.017496 1.129528
0.017502 1.150394
0.017508 1.169679
0.017514 1.187117
0.017520 1.202460
0.017526 1.215490
0.017532 1.226008
0.017538 1.233851
0.017544 1.238888
0.017550 1.241016
0.017556 1.240174
0.017562 1.236335
0.017568 1.229510
0.017574 1.219744
0.017580 1.207124
0.017586 1.191772
0.017592 1.173842
0.017598 1.153522
0.017604 1.131034
0.017610 1.106623
0.017616 1.080562
0.017622 1.053144
0.017628 1.024677
0.017634 0.995485
0.017640 0.965898
0.017646 0.936249
0.017652 0.906875
0.017658 0.878104
0.017664 0.850261
0.017670 0.823661
0.017676 0.798607
0.017682 0.775390
0.017688 0.754292
0.017694 0.735584
0.017700 0.719531
0.017706 0.706384
0.017712 0.696391
0.017718 0.689785
0.017724 0.686783
0.017730 0.687572
0.017736 0.692307
0.017742 0.701090
0.017748 0.713965
0.017754 0.730904
0.017760 0.751805
0.017766 0.776491
0.017772 0.804709
0.017778 0.836137
0.017784 0.870400
0.017790 0.907063
0.017796 0.945660
0.017802 0.985688
0.017808 1.026622
0.017814 1.067925
0.017820 1.109055
0.017826 1.149465
0.017832 1.188624
0.017838 1.226007
0.017844 1.261113
0.017850 1.293468
0.017856 1.322628
0.017862 1.348185
0.017868 1.369778
0.017874 1.387087
0.017880 1.399847
0.017886 1.407847
0.017892 1.410935
0.017898 1.409017
0.017904 1.402066
0.017910 1.390115
0.017916 1.373262
0.017922 1.351672
0.017928 1.325567
0.017934 1.295232
0.017940 1.261011
0.017946 1.223297
0.017952 1.182533
0.017958 1.139202
0.017964 1.093825
0.017970 1.046943
0.017976 0.999119
0.017982 0.950919
0.017988 0.902904
0.017994 0.855621
0.018000 0.809585
0.018006 0.765273
0.018012 0.723116
0.018018 0.683489
0.018024 0.646719
0.018030 0.613088
0.018036 0.582436
0.018042 0.550546
0.018048 0.517411
0.018054 0.483877
0.018060 0.450802
0.018066 0.419066
0.018072 0.389593
0.018078 0.363383
0.018084 0.341551
0.018090 0.325353
0.018096 0.316199
0.018102 0.315587
0.018108 0.324969
0.018114 0.345629
0.018120 0.378624
0.018126 0.424865
0.018132 0.485281
0.018138 0.560783
0.018144 0.643463
0.018150 0.726073
0.018156 0.808455
0.018162 0.890311
0.018168 0.971235
0.018174 1.050729
0.018180 1.128228
0.018186 1.203117
0.018192 1.274754
0.018198 1.342479
0.018204 1.405632
0.018210 1.463573
0.018216 1.515687
0.018222 1.561399
0.018228 1.600192
0.018234 1.631605
0.018240 1.655255
0.018246 1.670836
0.018252 1.678132
0.018258 1.677021
0.018264 1.667480
0.018270 1.649590
0.018276 1.623538
0.018282 1.589616
0.018288 1.548225
0.018294 1.499870
0.018300 1.445161
0.018306 1.384805
0.018312 1.319606
0.018318 1.250452
0.018324 1.178311
0.018330 1.104220
0.018336 1.029272
0.018342 0.954595
0.018348 0.881334
0.018354 0.810614
0.018360 0.743504
0.018366 0.680947
0.018372 0.621678
0.018378 0.557094
0.018384 0.490699
0.018390 0.430514
0.018396 0.390409
0.018402 0.389132
0.018408 0.439400
0.018414 0.538359
0.018420 0.675217
0.018426 0.822661
0.018432 0.959055
0.018438 1.081601
0.018444 1.189705
0.018450 1.283522
0.018456 1.363451
0.018462 1.429958
0.018468 1.483510
0.018474 1.524560
0.018480 1.553551
0.018486 1.570935
0.018492 1.577173
0.018498 1.572766
0.018504 1.558250
0.018510 1.534216
0.018516 1.501317
0.018522 1.460273
0.018528 1.411866
0.018534 1.356957
0.018540 1.296471
0.018546 1.231398
0.018552 1.162794
0.018558 1.091762
0.018564 1.019452
0.018570 0.947038
0.018576 0.875699
0.018582 0.806589
0.018588 0.740794
0.018594 0.679280
0.018600 0.620924
0.018606 0.557106
0.018612 0.491126
0.018618 0.430646
0.018624 0.389011
0.018630 0.384726
0.018636 0.431232
0.018642 0.526604
0.018648 0.660668
0.018654 0.808172
0.018660 0.945051
0.018666 1.068233
0.018672 1.177051
0.018678 1.271640
0.018684 1.352394
0.018690 1.419777
0.018696 1.474256
0.018702 1.516288
0.018708 1.546312
0.018714 1.564774
0.018720 1.572133
0.018726 1.568876
0.018732 1.555536
0.018738 1.532689
0.018744 1.500977
0.018750 1.461103
0.018756 1.413839
0.018762 1.360027
0.018768 1.300574
0.018774 1.236457
0.018780 1.168710
0.018786 1.098422
0.018792 1.026721
0.018798 0.954765
0.018804 0.883717
0.018810 0.814716
0.018816 0.748842
0.018822 0.687057
0.018828 0.629244
0.018834 0.566558
0.018840 0.500716
0.018846 0.438424
0.018852 0.391554
0.018858 0.377806
0.018864 0.412736
0.018870 0.497543
0.018876 0.622728
0.018882 0.769446
0.018888 0.908099
0.018894 1.033449
0.018900 1.144540
0.018906 1.241421
0.018912 1.324469
0.018918 1.394159
0.018924 1.450973
0.018930 1.495376
0.018936 1.527819
0.018942 1.548748
0.018948 1.558623
0.018954 1.557924
0.018960 1.547167
0.018966 1.526916
0.018972 1.497792
0.018978 1.460473
0.018984 1.415705
0.018990 1.364299
0.018996 1.307132
0.019002 1.245146
0.019008 1.179340
0.019014 1.110765
0.019020 1.040514
0.019026 0.969707
0.019032 0.899471
0.019038 0.830916
0.019044 0.765099
0.019050 0.702975
0.019056 0.645138
0.019062 0.585240
0.019068 0.520536
0.019074 0.456085
0.019080 0.400947
0.019086 0.370149
0.019092 0.381452
0.019098 0.442949
0.019104 0.548380
0.019110 0.686442
0.019116 0.828167
0.019122 0.957848
0.019128 1.073621
0.019134 1.175260
0.019140 1.263080
0.019146 1.337563
0.019152 1.399221
0.019158 1.448549
0.019164 1.486020
0.019170 1.512094
0.019176 1.527229
0.019182 1.531892
0.019188 1.526582
0.019194 1.511828
0.019200 1.488211
0.019206 1.456362
0.019212 1.416972
0.019218 1.370792
0.019224 1.318631
0.019230 1.261363
0.019236 1.199913
0.019242 1.135257
0.019248 1.068410
0.019254 1.000415
0.019260 0.932328
0.019266 0.865193
0.019272 0.800016
0.019278 0.737730
0.019284 0.679141
0.019290 0.624140
0.019296 0.564549
0.019302 0.500706
0.019308 0.437300
0.019314 0.382694
0.019320 0.350828
0.019326 0.358476
0.019332 0.413619
0.019338 0.510372
0.019344 0.638899
0.019350 0.776544
0.019356 0.902474
0.019362 1.014788
0.019368 1.113334
0.019374 1.198510
0.019380 1.270880
0.019386 1.331021
0.019392 1.379484
0.019398 1.416784
0.019404 1.443411
0.019410 1.459835
0.019416 1.466530
0.019422 1.463982
0.019428 1.452702
0.019434 1.433231
0.019440 1.406154
0.019446 1.372101
0.019452 1.331750
0.019458 1.285827
0.019464 1.235105
0.019470 1.180402
0.019476 1.122570
0.019482 1.062494
0.019488 1.001073
0.019494 0.939211
0.019500 0.877796
0.019506 0.817679
0.019512 0.759647
0.019518 0.704393
0.019524 0.652479
0.019530 0.603016
0.019536 0.548167
0.019542 0.488809
0.019548 0.427553
0.019554 0.368778
0.019560 0.320186
0.019566 0.294144
0.019572 0.304015
0.019578 0.353699
0.019584 0.436022
0.019590 0.542258
0.019596 0.664740
0.019602 0.777967
0.019608 0.878188
0.019614 0.965656
0.019620 1.041076
0.019626 1.105241
0.019632 1.158912
0.019638 1.202781
0.019644 1.237467
0.019650 1.263532
0.019656 1.281490
0.019662 1.291819
0.019668 1.294986
0.019674 1.291445
0.019680 1.281651
0.019686 1.266076
0.019692 1.245201
0.019698 1.219527
0.019704 1.189578
0.019710 1.155893
0.019716 1.119037
0.019722 1.079583
0.019728 1.038120
0.019734 0.995237
0.019740 0.951523
0.019746 0.907555
0.019752 0.863892
0.019758 0.821063
0.019764 0.779561
0.019770 0.739836
0.019776 0.702292
0.019782 0.667289
0.019788 0.635147
0.019794 0.606164
0.019800 0.580372
0.019806 0.554829
0.019812 0.529426
0.019818 0.505179
0.019824 0.483164
0.019830 0.464558
0.019836 0.450647
0.019842 0.442841
0.019848 0.442661
0.019854 0.451689
0.019860 0.471503
0.019866 0.503617
0.019872 0.549476
0.019878 0.604767
0.019884 0.663848
0.019890 0.726281
0.019896 0.791550
0.019902 0.859055
0.019908 0.928133
0.019914 0.998079
0.019920 1.068147
0.019926 1.137576
0.019932 1.205589
0.019938 1.271408
0.019944 1.334269
0.019950 1.393422
0.019956 1.448154
0.019962 1.497785
0.019968 1.541691
0.019974 1.579301
0.019980 1.610115
0.019986 1.633704
0.019992 1.649727
0.019998 1.657925
0.020004 1.658137
0.020010 1.650300
0.020016 1.634451
0.020022 1.610732
0.020028 1.579390
0.020034 1.540775
0.020040 1.495342
0.020046 1.443646
0.020052 1.386338
0.020058 1.324163
0.020064 1.257946
0.020070 1.188592
0.020076 1.117072
0.020082 1.044407
0.020088 0.971659
0.020094 0.899900
0.020100 0.830193
0.020106 0.763547
0.020112 0.700871
0.020118 0.642591
0.020124 0.581856
0.020130 0.516635
0.020136 0.452173
0.020142 0.397863
0.020148 0.369084
0.020154 0.383367
0.020160 0.447753
0.020166 0.555313
0.020172 0.694486
0.020178 0.835170
0.020184 0.963563
0.020190 1.077982
0.020196 1.178271
0.020202 1.264775
0.020208 1.337991
0.020214 1.398439
0.020220 1.446620
0.020226 1.483014
0.020232 1.508086
0.020238 1.522301
0.020244 1.526133
0.020250 1.520083
0.020256 1.504690
0.020262 1.480537
0.020268 1.448261
0.020274 1.408556
0.020280 1.362174
0.020286 1.309928
0.020292 1.252690
0.020298 1.191382
0.020304 1.126978
0.020310 1.060484
0.020316 0.992936
0.020322 0.925376
0.020328 0.858836
0.020334 0.794300
0.020340 0.732679
0.020346 0.674752
0.020352 0.620282
0.020358 0.560769
0.020364 0.497097
0.020370 0.433882
0.020376 0.379345
0.020382 0.347202
0.020388 0.354045
0.020394 0.407866
0.020400 0.502881
0.020406 0.629301
0.020412 0.765974
0.020418 0.891257
0.020424 1.002981
0.020430 1.100997
0.020436 1.185727
0.020442 1.257744
0.020448 1.317641
0.020454 1.365980
0.020460 1.403285
0.020466 1.430051
0.020472 1.446754
0.020478 1.453868
0.020484 1.451877
0.020490 1.441286
0.020496 1.422634
0.020502 1.396495
0.020508 1.363488
0.020514 1.324275
0.020520 1.279568
0.020526 1.230123
0.020532 1.176736
0.020538 1.120239
0.020544 1.061490
0.020550 1.001365
0.020556 0.940740
0.020562 0.880477
0.020568 0.821402
0.020574 0.764277
0.020580 0.709778
0.020586 0.658458
0.020592 0.610112
0.020598 0.557600
0.020604 0.500220
0.020610 0.440048
0.020616 0.380399
0.020622 0.327019
0.020628 0.289739
0.020634 0.281889
0.020640 0.312236
0.020646 0.377509
0.020652 0.468750
0.020658 0.579130
0.020664 0.695228
0.020670 0.799372
0.020676 0.890710
0.020682 0.969871
0.020688 1.037691
0.020694 1.095002
0.020700 1.142567
0.020706 1.181073
0.020712 1.211129
0.020718 1.233284
0.020724 1.248039
0.020730 1.255865
0.020736 1.257210
0.020742 1.252515
0.020748 1.242222
0.020754 1.226777
0.020760 1.206638
0.020766 1.182277
0.020772 1.154179
0.020778 1.122849
0.020784 1.088800
0.020790 1.052558
0.020796 1.014656
0.020802 0.975624
0.020808 0.935990
0.020814 0.896270
0.020820 0.856959
0.020826 0.818531
0.020832 0.781428
0.020838 0.746060
0.020844 0.712807
0.020850 0.682013
0.020856 0.654003
0.020862 0.629091
0.020868 0.607591
0.020874 0.589836
0.020880 0.576184
0.020886 0.566671
0.020892 0.561420
0.020898 0.561844
0.020904 0.568716
0.020910 0.581554
0.020916 0.600481
0.020922 0.625512
0.020928 0.656492
0.020934 0.693111
0.020940 0.734922
0.020946 0.781368
0.020952 0.831808
0.020958 0.885541
0.020964 0.941827
0.020970 0.999899
0.020976 1.058975
0.020982 1.118267
0.020988 1.176992
0.020994 1.234378
0.021000 1.289669
0.021006 1.342135
0.021012 1.391080
0.021018 1.435850
0.021024 1.475836
0.021030 1.510486
0.021036 1.539310
0.021042 1.561886
0.021048 1.577867
0.021054 1.586986
0.021060 1.589059
0.021066 1.583994
0.021072 1.571785
0.021078 1.552522
0.021084 1.526387
0.021090 1.493656
0.021096 1.454697
0.021102 1.409967
0.021108 1.360007
0.021114 1.305440
0.021120 1.246959
0.021126 1.185327
0.021132 1.121357
0.021138 1.055909
0.021144 0.989868
0.021150 0.924131
0.021156 0.859579
0.021162 0.797055
0.021168 0.737328
0.021174 0.681053
0.021180 0.628476
0.021186 0.573411
0.021192 0.513136
0.021198 0.450428
0.021204 0.389998
0.021210 0.340159
0.021216 0.314257
0.021222 0.326642
0.021228 0.381565
0.021234 0.471626
0.021240 0.587797
0.021246 0.715258
0.021252 0.831765
0.021258 0.934993
0.021264 1.025117
0.021270 1.102755
0.021276 1.168625
0.021282 1.223424
0.021288 1.267794
0.021294 1.302320
0.021300 1.327538
0.021306 1.343951
0.021312 1.352038
0.021318 1.352278
0.021324 1.345149
0.021330 1.331144
0.021336 1.310775
0.021342 1.284585
0.021348 1.253139
0.021354 1.217033
0.021360 1.176894
0.021366 1.133370
0.021372 1.087132
0.021378 1.038863
0.021384 0.989254
0.021390 0.938989
0.021396 0.888738
0.021402 0.839141
0.021408 0.790794
0.021414 0.744239
0.021420 0.699951
0.021426 0.658324
0.021432 0.619686
0.021438 0.583182
0.021444 0.543570
0.021450 0.501097
0.021456 0.456535
0.021462 0.410642
0.021468 0.364163
0.021474 0.317829
0.021480 0.272378
0.021486 0.228581
0.021492 0.187299
0.021498 0.149629
0.021504 0.117163
0.021510 0.092428
0.021516 0.078837
0.021522 0.078054
0.021528 0.086755
0.021534 0.099515
0.021540 0.112550
0.021546 0.123866
0.021552 0.132466
0.021558 0.137855
0.021564 0.139817
0.021570 0.138330
0.021576 0.133549
0.021582 0.125867
0.021588 0.116087
0.021594 0.105754
0.021600 0.097746
0.021606 0.096599
0.021612 0.106955
0.021618 0.130464
0.021624 0.165791
0.021630 0.211159
0.021636 0.265548
0.021642 0.328678
0.021648 0.400787
0.021654 0.482486
0.021660 0.574351
0.021666 0.666164
0.021672 0.750437
0.021678 0.827921
0.021684 0.899231
0.021690 0.964834
0.021696 1.025063
0.021702 1.080138
0.021708 1.130186
0.021714 1.175261
0.021720 1.215366
0.021726 1.250469
0.021732 1.280517
0.021738 1.305450
0.021744 1.325214
0.021750 1.339771
0.021756 1.349103
0.021762 1.353225
0.021768 1.352186
0.021774 1.346082
0.021780 1.335045
0.021786 1.319259
0.021792 1.298952
0.021798 1.274401
0.021804 1.245929
0.021810 1.213900
0.021816 1.178720
0.021822 1.140832
0.021828 1.100708
0.021834 1.058844
0.021840 1.015752
0.021846 0.971953
0.021852 0.927970
0.021858 0.884311
0.021864 0.841471
0.021870 0.799917
0.021876 0.760077
0.021882 0.722349
0.021888 0.687086
0.021894 0.654609
0.021900 0.625217
0.021906 0.599200
0.021912 0.576610
0.021918 0.554973
0.021924 0.534626
0.021930 0.516719
0.021936 0.502503
0.021942 0.493346
0.021948 0.490736
0.021954 0.496260
0.021960 0.511561
0.021966 0.538286
0.021972 0.576348
0.021978 0.620155
0.021984 0.668924
0.021990 0.722185
0.021996 0.779362
0.022002 0.839798
0.022008 0.902780
0.022014 0.967551
0.022020 1.033330
0.022026 1.099320
0.022032 1.164716
0.022038 1.228716
0.022044 1.290528
0.022050 1.349381
0.022056 1.404532
0.022062 1.455276
0.022068 1.500953
0.022074 1.540958
0.022080 1.574748
0.022086 1.601851
0.022092 1.621871
0.022098 1.634495
0.022104 1.639503
0.022110 1.636763
0.022116 1.626244
0.022122 1.608012
0.022128 1.582239
0.022134 1.549195
0.022140 1.509254
0.022146 1.462884
0.022152 1.410655
0.022158 1.353223
0.022164 1.291334
0.022170 1.225807
0.022176 1.157535
0.022182 1.087461
0.022188 1.016580
0.022194 0.945902
0.022200 0.876448
0.022206 0.809205
0.022212 0.745095
0.022218 0.684926
0.022224 0.628665
0.022230 0.568325
0.022236 0.503801
0.022242 0.439999
0.022248 0.385675
0.022254 0.355289
0.022260 0.365755
0.022266 0.424409
0.022272 0.524800
0.022278 0.656522
0.022284 0.794524
0.022290 0.920540
0.022296 1.032812
0.022302 1.131215
0.022308 1.216149
0.022314 1.288166
0.022320 1.347835
0.022326 1.395697
0.022332 1.432262
0.022338 1.458016
0.022344 1.473434
0.022350 1.478993
0.022356 1.475186
0.022362 1.462533
0.022368 1.441590
0.022374 1.412960
0.022380 1.377287
0.022386 1.335274
0.022392 1.287666
0.022398 1.235263
0.022404 1.178908
0.022410 1.119484
0.022416 1.057899
0.022422 0.995086
0.022428 0.931975
0.022434 0.869481
0.022440 0.808480
0.022446 0.749777
0.022452 0.694073
0.022458 0.641931
0.022464 0.589902
0.022470 0.532313
0.022476 0.471006
0.022482 0.409504
0.022488 0.353963
0.022494 0.314988
0.022500 0.307165
0.022506 0.340608
0.022512 0.412584
0.022518 0.513818
0.022524 0.636123
0.022530 0.757557
0.022536 0.866159
0.022542 0.961609
0.022548 1.044408
0.022554 1.115277
0.022560 1.174952
0.022566 1.224123
0.022572 1.263415
0.022578 1.293393
0.022584 1.314578
0.022590 1.327460
0.022596 1.332512
0.022602 1.330201
0.022608 1.320997
0.022614 1.305389
0.022620 1.283882
0.022626 1.257007
0.022632 1.225316
0.022638 1.189393
0.022644 1.149841
0.022650 1.107288
0.022656 1.062377
0.022662 1.015758
0.022668 0.968084
0.022674 0.919999
0.022680 0.872126
0.022686 0.825058
0.022692 0.779345
0.022698 0.735482
0.022704 0.693908
0.022710 0.654991
0.022716 0.619046
0.022722 0.585902
0.022728 0.550941
0.022734 0.513873
0.022740 0.475478
0.022746 0.436522
0.022752 0.397749
0.022758 0.359886
0.022764 0.323648
0.022770 0.289758
0.022776 0.258983
0.022782 0.232200
0.022788 0.210473
0.022794 0.195126
0.022800 0.187705
0.022806 0.189744
0.022812 0.202369
0.022818 0.226139
0.022824 0.261257
0.022830 0.307965
0.022836 0.366784
0.022842 0.438591
0.022848 0.524592
0.022854 0.623194
0.022860 0.719774
0.022866 0.813218
0.022872 0.903565
0.022878 0.990698
0.022884 1.074375
0.022890 1.154255
0.022896 1.229923
0.022902 1.300918
0.022908 1.366747
0.022914 1.426907
0.022920 1.480902
0.022926 1.528259
0.022932 1.568541
0.022938 1.601357
0.022944 1.626382
0.022950 1.643354
0.022956 1.652094
0.022962 1.652507
0.022968 1.644589
0.022974 1.628433
0.022980 1.604228
0.022986 1.572268
0.022992 1.532944
0.022998 1.486751
0.023004 1.434278
0.023010 1.376211
0.023016 1.313323
0.023022 1.246471
0.023028 1.176586
0.023034 1.104661
0.023040 1.031742
0.023046 0.958905
0.023052 0.887240
0.023058 0.817817
0.023064 0.751647
0.023070 0.689628
0.023076 0.631733
0.023082 0.569589
0.023088 0.503856
0.023094 0.440585
0.023100 0.390552
0.023106 0.370497
0.023112 0.396840
0.023118 0.472944
0.023124 0.590073
0.023130 0.734720
0.023136 0.873335
0.023142 0.998985
0.023148 1.110513
0.023154 1.207923
0.023160 1.291606
0.023166 1.362059
0.023172 1.419791
0.023178 1.465288
0.023184 1.499022
0.023190 1.521451
0.023196 1.533037
0.023202 1.534260
0.023208 1.525629
0.023214 1.507696
0.023220 1.481059
0.023226 1.446375
0.023232 1.404357
0.023238 1.355783
0.023244 1.301492
0.023250 1.242378
0.023256 1.179392
0.023262 1.113532
0.023268 1.045834
0.023274 0.977357
0.023280 0.909160
0.023286 0.842294
0.023292 0.777752
0.023298 0.716439
0.023304 0.659118
0.023310 0.602853
0.023316 0.541010
0.023322 0.476493
0.023328 0.415327
0.023334 0.368181
0.023340 0.351218
0.023346 0.379262
0.023352 0.453979
0.023358 0.566365
0.023364 0.705152
0.023370 0.838864
0.023376 0.959667
0.023382 1.066638
0.023388 1.159924
0.023394 1.240008
0.023400 1.307458
0.023406 1.362831
0.023412 1.406655
0.023418 1.439426
0.023424 1.461619
0.023430 1.473703
0.023436 1.476154
0.023442 1.469467
0.023448 1.454169
0.023454 1.430823
0.023460 1.400040
0.023466 1.362479
0.023472 1.318847
0.023478 1.269903
0.023484 1.216453
0.023490 1.159348
0.023496 1.099470
0.023502 1.037732
0.023508 0.975056
0.023514 0.912362
0.023520 0.850548
0.023526 0.790462
0.023532 0.732871
0.023538 0.678433
0.023544 0.627481
0.023550 0.574345
0.023556 0.515821
0.023562 0.454281
0.023568 0.393624
0.023574 0.340707
0.023580 0.307062
0.023586 0.307156
0.023592 0.348581
0.023598 0.426319
0.023604 0.531107
0.023610 0.654794
0.023616 0.773043
0.023622 0.878301
0.023628 0.970528
0.023634 1.050317
0.023640 1.118413
0.023646 1.175561
0.023652 1.222443
0.023658 1.259678
0.023664 1.287827
0.023670 1.307407
0.023676 1.318901
0.023682 1.322780
0.023688 1.319507
0.023694 1.309554
0.023700 1.293402
0.023706 1.271553
0.023712 1.244532
0.023718 1.212889
0.023724 1.177196
0.023730 1.138050
0.023736 1.096064
0.023742 1.051870
0.023748 1.006099
0.023754 0.959390
0.023760 0.912367
0.023766 0.865632
0.023772 0.819758
0.023778 0.775275
0.023784 0.732661
0.023790 0.692340
0.023796 0.654672
0.023802 0.619968
0.023808 0.588229
0.023814 0.555678
0.023820 0.521407
0.023826 0.486232
0.023832 0.450966
0.023838 0.416430
0.023844 0.383457
0.023850 0.352921
0.023856 0.325771
0.023862 0.303080
0.023868 0.286081
0.023874 0.276174
0.023880 0.274849
0.023886 0.283517
0.023892 0.303343
0.023898 0.335205
0.023904 0.379813
0.023910 0.437924
0.023916 0.510492
0.023922 0.597419
0.023928 0.685567
0.023934 0.772557
0.023940 0.858273
0.023946 0.942455
0.023952 1.024730
0.023958 1.104634
0.023964 1.181638
0.023970 1.255166
0.023976 1.324615
0.023982 1.389371
0.023988 1.448827
0.023994 1.502400
0.024000 1.549535
0.024006 1.589730
0.024012 1.622535
0.024018 1.647573
0.024024 1.664541
0.024030 1.673222
0.024036 1.673492
0.024042 1.665322
0.024048 1.648782
0.024054 1.624053
0.024060 1.591414
0.024066 1.551255
0.024072 1.504068
0.024078 1.450449
0.024084 1.391093
0.024090 1.326787
0.024096 1.258407
0.024102 1.186908
0.024108 1.113312
0.024114 1.038702
0.024120 0.964195
0.024126 0.890929
0.024132 0.820025
0.024138 0.752554
0.024144 0.689474
0.024150 0.630620
0.024156 0.566940
0.024162 0.500500
0.024168 0.438484
0.024174 0.393530
0.024180 0.383904
0.024186 0.424421
0.024192 0.514839
0.024198 0.645215
0.024204 0.792947
0.024210 0.931233
0.024216 1.055960
0.024222 1.166303
0.024228 1.262342
0.024234 1.344462
0.024240 1.413130
0.024246 1.468817
0.024252 1.511985
0.024258 1.543082
0.024264 1.562557
0.024270 1.570871
0.024276 1.568514
0.024282 1.556017
0.024288 1.533956
0.024294 1.502971
0.024300 1.463758
0.024306 1.417091
0.024312 1.363803
0.024318 1.304800
0.024324 1.241054
0.024330 1.173595
0.024336 1.103508
0.024342 1.031921
0.024348 0.959987
0.024354 0.888870
0.024360 0.819713
0.024366 0.753600
0.024372 0.691503
0.024378 0.633481
0.024384 0.571238
0.024390 0.505476
0.024396 0.442609
0.024402 0.394039
0.024408 0.377153
0.024414 0.408164
0.024420 0.489476
0.024426 0.611950
0.024432 0.758640
0.024438 0.898173
0.024444 1.024557
0.024450 1.136709
0.024456 1.234638
0.024462 1.318705
0.024468 1.389384
0.024474 1.447154
0.024480 1.492482
0.024486 1.525819
0.024492 1.547613
0.024498 1.558318
0.024504 1.558413
0.024510 1.548412
0.024516 1.528873
0.024522 1.500411
0.024528 1.463701
0.024534 1.419482
0.024540 1.368561
0.024546 1.311809
0.024552 1.250162
0.024558 1.184616
0.024564 1.116218
0.024570 1.046058
0.024576 0.975253
0.024582 0.904931
0.024588 0.836206
0.024594 0.770139
0.024600 0.707694
0.024606 0.649652
0.024612 0.590276
0.024618 0.525802
0.024624 0.461056
0.024630 0.404690
0.024636 0.371240
0.024642 0.378624
0.024648 0.436149
0.024654 0.538408
0.024660 0.674455
0.024666 0.816942
0.024672 0.947682
0.024678 1.064579
0.024684 1.167331
0.024690 1.256232
0.024696 1.331756
0.024702 1.394415
0.024708 1.444707
0.024714 1.483108
0.024720 1.510078
0.024726 1.526073
0.024732 1.531562
0.024738 1.527039
0.024744 1.513033
0.024750 1.490117
0.024756 1.458921
0.024762 1.420128
0.024768 1.374484
0.024774 1.322798
0.024780 1.265932
0.024786 1.204811
0.024792 1.140403
0.024798 1.073724
0.024804 1.005812
0.024810 0.937722
0.024816 0.870500
0.024822 0.805157
0.024828 0.742628
0.024834 0.683735
0.024840 0.628544
0.024846 0.569467
0.024852 0.505854
0.024858 0.442181
0.024864 0.386416
0.024870 0.352017
0.024876 0.355867
0.024882 0.407118
0.024888 0.500759
0.024894 0.626897
0.024900 0.764872
0.024906 0.891880
0.024912 1.005340
0.024918 1.105015
0.024924 1.191282
0.024930 1.264695
0.024936 1.325835
0.024942 1.375257
0.024948 1.413478
0.024954 1.440990
0.024960 1.458265
0.024966 1.465778
0.024972 1.464010
0.024978 1.453472
0.024984 1.434701
0.024990 1.408279
0.024996 1.374830
0.025002 1.335028
0.025008 1.289595
0.025014 1.239298
0.025020 1.184952
0.025026 1.127406
0.025032 1.067540
0.025038 1.006252
0.025044 0.944445
0.025050 0.883008
0.025056 0.822795
0.025062 0.764599
0.025068 0.709120
0.025074 0.656934
0.025080 0.607662
0.025086 0.553375
0.025092 0.494392
0.025098 0.433199
0.025104 0.373927
0.025110 0.323840
0.025116 0.294830
0.025122 0.300569
0.025128 0.346279
0.025134 0.425521
0.025140 0.529375
0.025146 0.650343
0.025152 0.764832
0.025158 0.866352
0.025164 0.955062
0.025170 1.031648
0.025176 1.096904
0.025182 1.151599
0.025188 1.196437
0.025194 1.232046
0.025200 1.258996
0.025206 1.277805
0.025212 1.288958
0.025218 1.292919
0.025224 1.290145
0.025230 1.281092
0.025236 1.266228
0.025242 1.246029
0.025248 1.220998
0.025254 1.191649
0.025260 1.158522
0.025266 1.122174
0.025272 1.083176
0.025278 1.042111
0.025284 0.999568
0.025290 0.956133
0.025296 0.912380
0.025302 0.868870
0.025308 0.826131
0.025314 0.784659
0.025320 0.744908
0.025326 0.707286
0.025332 0.672156
0.025338 0.639845
0.025344 0.610654
0.025350 0.584766
0.025356 0.559857
0.025362 0.535045
0.025368 0.511346
0.025374 0.489847
0.025380 0.471731
0.025386 0.458290
0.025392 0.450940
0.025398 0.451209
0.025404 0.460685
0.025410 0.480959
0.025416 0.513565
0.025422 0.559622
0.025428 0.613460
0.025434 0.671241
0.025440 0.732525
0.025446 0.796768
0.025452 0.863354
0.025458 0.931601
0.025464 1.000791
0.025470 1.070169
0.025476 1.138962
0.025482 1.206390
0.025488 1.271670
0.025494 1.334033
0.025500 1.392731
0.025506 1.447045
0.025512 1.496299
0.025518 1.539867
0.025524 1.577178
0.025530 1.607733
0.025536 1.631106
0.025542 1.646951
0.025548 1.655015
0.025554 1.655137
0.025560 1.647250
0.025566 1.631394
0.025572 1.607709
0.025578 1.576442
0.025584 1.537940
0.025590 1.492657
0.025596 1.441146
0.025602 1.384053
0.025608 1.322119
0.025614 1.256166
0.025620 1.187092
0.025626 1.115863
0.025632 1.043494
0.025638 0.971036
0.025644 0.899556
0.025650 0.830105
0.025656 0.763682
0.025662 0.701189
0.025668 0.643085
0.025674 0.582694
0.025680 0.517688
0.025686 0.453128
0.025692 0.398074
0.025698 0.367504
0.025704 0.378996
0.025710 0.440338
0.025716 0.545100
0.025722 0.682075
0.025728 0.822819
0.025734 0.951466
0.025740 1.066205
0.025746 1.166846
0.025752 1.253728
0.025758 1.327353
0.025764 1.388250
0.025770 1.436927
0.025776 1.473870
0.025782 1.499547
0.025788 1.514423
0.025794 1.518974
0.025800 1.513698
0.025806 1.499129
0.025812 1.475845
0.025818 1.444473
0.025824 1.405699
0.025830 1.360263
0.025836 1.308967
0.025842 1.252667
0.025848 1.192273
0.025854 1.128740
0.025860 1.063060
0.025866 0.996251
0.025872 0.929338
0.025878 0.863332
0.025884 0.799206
0.025890 0.737854
0.025896 0.680053
0.025902 0.625823
0.025908 0.567640
0.025914 0.504782
0.025920 0.441281
0.025926 0.384278
0.025932 0.346041
0.025938 0.342981
0.025944 0.385762
0.025950 0.471001
0.025956 0.588930
0.025962 0.725002
0.025968 0.851965
0.025974 0.965629
0.025980 1.065642
0.025986 1.152371
0.025992 1.226401
0.025998 1.288346
0.026004 1.338788
0.026010 1.378271
0.026016 1.407303
0.026022 1.426368
0.026028 1.435940
0.026034 1.436499
0.026040 1.428540
0.026046 1.412582
0.026052 1.389182
0.026058 1.358934
0.026064 1.322474
0.026070 1.280481
0.026076 1.233677
0.026082 1.182826
0.026088 1.128721
0.026094 1.072187
0.026100 1.014062
0.026106 0.955188
0.026112 0.896397
0.026118 0.838491
0.026124 0.782216
0.026130 0.728245
0.026136 0.677144
0.026142 0.629350
0.026148 0.581260
0.026154 0.527951
0.026160 0.470662
0.026166 0.411464
0.026172 0.353655
0.026178 0.302954
0.026184 0.268993
0.026190 0.264183
0.026196 0.295397
0.026202 0.358160
0.026208 0.443775
0.026214 0.546049
0.026220 0.657132
0.026226 0.757176
0.026232 0.844691
0.026238 0.920431
0.026244 0.985322
0.026250 1.040262
0.026256 1.086067
0.026262 1.123460
0.026268 1.153077
0.026274 1.175481
0.026280 1.191182
0.026286 1.200644
0.026292 1.204302
0.026298 1.202575
0.026304 1.195870
0.026310 1.184591
0.026316 1.169146
0.026322 1.149949
0.026328 1.127422
0.026334 1.101996
0.026340 1.074109
0.026346 1.044210
0.026352 1.012745
0.026358 0.980168
0.026364 0.946925
0.026370 0.913457
0.026376 0.880195
0.026382 0.847550
0.026388 0.815919
0.026394 0.785679
0.026400 0.757182
0.026406 0.730766
0.026412 0.706750
0.026418 0.685443
0.026424 0.667146
0.026430 0.652161
0.026436 0.640790
0.026442 0.633333
0.026448 0.630084
0.026454 0.631311
0.026460 0.637242
0.026466 0.648041
0.026472 0.663788
0.026478 0.684468
0.026484 0.709952
0.026490 0.740012
0.026496 0.774315
0.026502 0.812447
0.026508 0.853921
0.026514 0.898189
0.026520 0.944666
0.026526 0.992732
0.026532 1.041748
0.026538 1.091064
0.026544 1.140027
0.026550 1.187992
0.026556 1.234322
0.026562 1.278402
0.026568 1.319643
0.026574 1.357489
0.026580 1.391425
0.026586 1.420977
0.026592 1.445726
0.026598 1.465308
0.026604 1.479423
0.026610 1.487835
0.026616 1.490379
0.026622 1.486964
0.026628 1.477570
0.026634 1.462259
0.026640 1.441167
0.026646 1.414509
0.026652 1.382570
0.026658 1.345714
0.026664 1.304369
0.026670 1.259030
0.026676 1.210247
0.026682 1.158623
0.026688 1.104802
0.026694 1.049458
0.026700 0.993284
0.026706 0.936980
0.026712 0.881231
0.026718 0.826695
0.026724 0.773981
0.026730 0.723632
0.026736 0.676101
0.026742 0.631746
0.026748 0.589510
0.026754 0.543089
0.026760 0.492779
0.026766 0.439624
0.026772 0.384903
0.026778 0.330352
0.026784 0.278645
0.026790 0.234294
0.026796 0.204743
0.026802 0.199082
0.026808 0.221123
0.026814 0.265709
0.026820 0.325254
0.026826 0.394675
0.026832 0.471448
0.026838 0.554620
0.026844 0.636025
0.026850 0.706490
0.026856 0.767073
0.026862 0.818989
0.026868 0.863323
0.026874 0.901019
0.026880 0.932880
0.026886 0.959593
0.026892 0.981740
0.026898 0.999819
0.026904 1.014254
0.026910 1.025415
0.026916 1.033619
0.026922 1.039152
0.026928 1.042264
0.026934 1.043188
0.026940 1.042136
0.026946 1.039308
0.026952 1.034895
0.026958 1.029081
0.026964 1.022044
0.026970 1.013962
0.026976 1.005009
0.026982 0.995355
0.026988 0.985174
0.026994 0.974632
0.027000 0.963898
0.027006 0.953137
0.027012 0.942509
0.027018 0.932173
0.027024 0.922279
0.027030 0.912977
0.027036 0.904403
0.027042 0.896692
0.027048 0.889967
0.027054 0.884340
0.027060 0.879912
0.027066 0.876773
0.027072 0.874997
0.027078 0.874645
0.027084 0.875759
0.027090 0.878365
0.027096 0.882471
0.027102 0.888062
0.027108 0.895107
0.027114 0.903550
0.027120 0.913318
0.027126 0.924317
0.027132 0.936432
0.027138 0.949533
0.027144 0.963471
0.027150 0.978086
0.027156 0.993199
0.027162 1.008630
0.027168 1.024184
0.027174 1.039665
0.027180 1.054874
0.027186 1.069613
0.027192 1.083686
0.027198 1.096905
0.027204 1.109088
0.027210 1.120067
0.027216 1.129685
0.027222 1.137800
0.027228 1.144289
0.027234 1.149048
0.027240 1.151992
0.027246 1.153059
0.027252 1.152207
0.027258 1.149423
0.027264 1.144711
0.027270 1.138105
0.027276 1.129659
0.027282 1.119450
0.027288 1.107579
0.027294 1.094169
0.027300 1.079359
0.027306 1.063309
0.027312 1.046194
0.027318 1.028206
0.027324 1.009543
0.027330 0.990416
0.027336 0.971044
0.027342 0.951650
0.027348 0.932458
0.027354 0.913692
0.027360 0.895577
0.027366 0.878330
0.027372 0.862167
0.027378 0.847292
0.027384 0.833906
0.027390 0.822195
0.027396 0.812337
0.027402 0.804496
0.027408 0.798819
0.027414 0.795436
0.027420 0.794456
0.027426 0.795965
0.027432 0.800016
0.027438 0.806635
0.027444 0.815812
0.027450 0.827499
0.027456 0.841610
0.027462 0.858021
0.027468 0.876570
0.027474 0.897058
0.027480 0.919253
0.027486 0.942893
0.027492 0.967691
0.027498 0.993341
0.027504 1.019518
0.027510 1.045887
0.027516 1.072107
0.027522 1.097834
0.027528 1.122731
0.027534 1.146461
0.027540 1.168709
0.027546 1.189167
0.027552 1.207554
0.027558 1.223607
0.027564 1.237094
0.027570 1.247811
0.027576 1.255589
0.027582 1.260294
0.027588 1.261827
0.027594 1.260131
0.027600 1.255188
0.027606 1.247019
0.027612 1.235686
0.027618 1.221293
0.027624 1.203981
0.027630 1.183930
0.027636 1.161353
0.027642 1.136498
0.027648 1.109640
0.027654 1.081082
0.027660 1.051146
0.027666 1.020172
0.027672 0.988511
0.027678 0.956523
0.027684 0.924569
0.027690 0.893007
0.027696 0.862187
0.027702 0.832455
0.027708 0.804139
0.027714 0.777555
0.027720 0.753007
0.027726 0.730787
0.027732 0.711179
0.027738 0.694458
0.027744 0.680894
0.027750 0.670756
0.027756 0.664300
0.027762 0.661767
0.027768 0.663374
0.027774 0.669292
0.027780 0.679639
0.027786 0.694457
0.027792 0.713710
0.027798 0.737270
0.027804 0.764923
0.027810 0.796373
0.027816 0.831246
0.027822 0.869109
0.027828 0.909473
0.027834 0.951811
0.027840 0.995567
0.027846 1.040163
0.027852 1.085009
0.027858 1.129515
0.027864 1.173090
0.027870 1.215157
0.027876 1.255157
0.027882 1.292551
0.027888 1.326834
0.027894 1.357536
0.027900 1.384227
0.027906 1.406526
0.027912 1.424105
0.027918 1.436689
0.027924 1.444068
0.027930 1.446091
0.027936 1.442678
0.027942 1.433815
0.027948 1.419558
0.027954 1.400033
0.027960 1.375435
0.027966 1.346027
0.027972 1.312137
0.027978 1.274156
0.027984 1.232527
0.027990 1.187750
0.027996 1.140366
0.028002 1.090950
0.028008 1.040110
0.028014 0.988460
0.028020 0.936626
0.028026 0.885219
0.028032 0.834827
0.028038 0.785998
0.028044 0.739227
0.028050 0.694947
0.028056 0.653518
0.028062 0.615229
0.028068 0.578545
0.028074 0.538852
0.028080 0.496539
0.028086 0.452377
0.028092 0.407109
0.028098 0.361461
0.028104 0.316128
0.028110 0.271783
0.028116 0.229080
0.028122 0.188672
0.028128 0.151246
0.028134 0.117596
0.028140 0.088793
0.028146 0.066467
0.028152 0.052895
0.028158 0.049215
0.028164 0.052462
0.028170 0.057845
0.028176 0.062338
0.028182 0.064859
0.028188 0.065731
0.028194 0.066675
0.028200 0.070967
0.028206 0.082589
0.028212 0.104157
0.028218 0.136206
0.028224 0.178412
0.028230 0.230567
0.028236 0.292819
0.028242 0.365652
0.028248 0.449825
0.028254 0.546357
0.028260 0.650022
0.028266 0.747169
0.028272 0.837467
0.028278 0.921376
0.028284 0.999229
0.028290 1.071233
0.028296 1.137486
0.028302 1.197995
0.028308 1.252702
0.028314 1.301502
0.028320 1.344263
0.028326 1.380843
0.028332 1.411102
0.028338 1.434921
0.028344 1.452205
0.028350 1.462903
0.028356 1.467006
0.028362 1.464559
0.028368 1.455669
0.028374 1.440501
0.028380 1.419286
0.028386 1.392321
0.028392 1.359968
0.028398 1.322654
0.028404 1.280863
0.028410 1.235141
0.028416 1.186078
0.028422 1.134313
0.028428 1.080517
0.028434 1.025384
0.028440 0.969620
0.028446 0.913929
0.028452 0.858995
0.028458 0.805462
0.028464 0.753921
0.028470 0.704886
0.028476 0.658780
0.028482 0.615922
0.028488 0.572628
0.028494 0.524944
0.028500 0.473745
0.028506 0.420127
0.028512 0.365460
0.028518 0.311678
0.028524 0.261853
0.028530 0.221220
0.028536 0.197991
0.028542 0.200470
0.028548 0.229579
0.028554 0.278601
0.028560 0.340522
0.028566 0.411149
0.028572 0.488530
0.028578 0.571600
0.028584 0.649800
0.028590 0.717223
0.028596 0.775149
0.028602 0.824771
0.028608 0.867145
0.028614 0.903177
0.028620 0.933646
0.028626 0.959208
0.028632 0.980424
0.028638 0.997771
0.028644 1.011654
0.028650 1.022426
0.028656 1.030392
0.028662 1.035821
0.028668 1.038955
0.028674 1.040012
0.028680 1.039194
0.028686 1.036690
0.028692 1.032681
0.028698 1.027338
0.028704 1.020833
0.028710 1.013331
0.028716 1.004995
0.028722 0.995988
0.028728 0.986470
0.028734 0.976601
0.028740 0.966538
0.028746 0.956436
0.028752 0.946447
0.028758 0.936722
0.028764 0.927401
0.028770 0.918626
0.028776 0.910527
0.028782 0.903230
0.028788 0.896850
0.028794 0.891495
0.028800 0.887261
0.028806 0.884231
0.028812 0.882477
0.028818 0.882054
0.028824 0.883005
0.028830 0.885354
0.028836 0.889107
0.028842 0.894255
0.028848 0.900764
0.028854 0.908589
0.028860 0.917658
0.028866 0.927886
0.028872 0.939167
0.028878 0.951381
0.028884 0.964388
0.028890 0.978041
0.028896 0.992174
0.028902 1.006617
0.028908 1.021191
0.028914 1.035711
0.028920 1.049992
0.028926 1.063848
0.028932 1.077095
0.028938 1.089557
0.028944 1.101063
0.028950 1.111454
0.028956 1.120581
0.028962 1.128310
0.028968 1.134526
0.028974 1.139125
0.028980 1.142030
0.028986 1.143178
0.028992 1.142531
0.028998 1.140069
0.029004 1.135800
0.029010 1.129749
0.029016 1.121964
0.029022 1.112519
0.029028 1.101504
0.029034 1.089032
0.029040 1.075233
0.029046 1.060254
0.029052 1.044261
0.029058 1.027428
0.029064 1.009944
0.029070 0.992007
0.029076 0.973820
0.029082 0.955594
0.029088 0.937540
0.029094 0.919870
0.029100 0.902796
0.029106 0.886524
0.029112 0.871257
0.029118 0.857192
0.029124 0.844517
0.029130 0.833409
0.029136 0.824035
0.029142 0.816551
0.029148 0.811096
0.029154 0.807790
0.029160 0.806734
0.029166 0.808008
0.029172 0.811664
0.029178 0.817723
0.029184 0.826176
0.029190 0.836980
0.029196 0.850056
0.029202 0.865289
0.029208 0.882529
0.029214 0.901596
0.029220 0.922275
0.029226 0.944323
0.029232 0.967478
0.029238 0.991451
0.029244 1.015943
0.029250 1.040643
0.029256 1.065231
0.029262 1.089386
0.029268 1.112791
0.029274 1.135132
0.029280 1.156110
0.029286 1.175437
0.029292 1.192847
0.029298 1.208090
0.029304 1.220948
0.029310 1.231225
0.029316 1.238761
0.029322 1.243424
0.029328 1.245120
0.029334 1.243791
0.029340 1.239415
0.029346 1.232009
0.029352 -nan
0.029358 -nan
0.029364 1.192343
0.029370 1.173733
0.029376 1.152730
0.029382 1.129562
0.029388 1.104483
0.029394 1.077775
