-0.0140023	-0.6466	-0.298814
-0.0139796	-0.51145	-0.097202
-0.0139569	-0.282914	0.124868
-0.0139342	-0.005936	0.32012
-0.0139116	0.26023	0.443928
-0.0138889	0.48548	0.471488
-0.0138662	0.649356	0.40174
-0.0138435	0.690378	0.251962
-0.0138209	0.560316	0.051834
-0.0137982	0.261926	-0.162604
-0.0137755	-0.086284	-0.350542
-0.0137528	-0.38319	-0.467566
-0.0137302	-0.58883	-0.486116
-0.0137075	-0.667588	-0.39909
-0.0136848	-0.610666	-0.23002
-0.0136621	-0.436614	-0.016324
-0.0136395	-0.184758	0.20193
-0.0136168	0.0954	0.375028
-0.0135941	0.347468	0.465658
-0.0135714	0.555228	0.456754
-0.0135488	0.681686	0.354888
-0.0135261	0.664514	0.182956
-0.0135034	0.466506	-0.026712
-0.0134807	0.132818	-0.236698
-0.013458	-0.202884	-0.40333
-0.0134354	-0.470958	-0.486328
-0.0134127	-0.633562	-0.466082
-0.01339	-0.662712	-0.345242
-0.0133673	-0.55915	-0.155396
-0.0133447	-0.351708	0.065508
-0.013322	-0.08215	0.272844
-0.0132993	0.19239	0.418912
-0.0132766	0.42983	0.475092
-0.013254	0.61639	0.431208
-0.0132313	0.696314	0.300404
-0.0132086	0.615754	0.11077
-0.0131859	0.355206	-0.103774
-0.0131633	0.00689	-0.303478
-0.0131406	-0.308778	-0.443292
-0.0131179	-0.543886	-0.490038
-0.0130952	-0.65879	-0.430678
-0.0130726	-0.638014	-0.280052
-0.0130499	-0.492264	-0.07473
-0.0130272	-0.256838	0.147128
-0.0130045	0.02226	0.33708
-0.0129819	0.285776	0.452726
-0.0129592	0.506786	0.470958
-0.0129365	0.661864	0.392412
-0.0129138	0.688364	0.236486
-0.0128912	0.540176	0.03339
-0.0128685	0.230232	-0.18073
-0.0128458	-0.11554	-0.363898
-0.0128231	-0.405874	-0.472548
-0.0128005	-0.600702	-0.480816
-0.0127778	-0.666634	-0.384568
-0.0127551	-0.59784	-0.209562
-0.0127324	-0.414566	0.006572
-0.0127098	-0.157198	0.222918
-0.0126871	0.122642	0.389656
-0.0126644	0.371212	0.471276
-0.0126417	0.57399	0.45262
-0.012619	0.689424	0.343122
-0.0125964	0.656564	0.166102
-0.0125737	0.44096	-0.045686
-0.012551	0.101124	-0.253764
-0.0125283	-0.230232	-0.414036
-0.0125057	-0.490674	-0.488024
-0.012483	-0.640876	-0.457284
-0.0124603	-0.656882	-0.327964
-0.0124376	-0.541872	-0.133984
-0.012415	-0.327116	0.087874
-0.0123923	-0.054696	0.291288
-0.0123696	0.21783	0.430254
-0.0123469	0.4505	0.475834
-0.0123243	0.62911	0.422304
-0.0123016	0.696208	0.284822
-0.0122789	0.598794	0.091266
-0.0122562	0.323936	-0.123808
-0.0122336	-0.02544	-0.31959
-0.0122109	-0.335066	-0.45209
-0.0121882	-0.559998	-0.488978
-0.0121655	-0.662288	-0.419972
-0.0121429	-0.62911	-0.262668
-0.0121202	-0.472866	-0.054272
-0.0120975	-0.231504	0.16695
-0.0120748	0.048442	0.351284
-0.0120522	0.307506	0.458344
-0.0120295	0.524064	0.467248
-0.0120068	0.66992	0.38054
-0.0119841	0.681792	0.21889
-0.0119615	0.51622	0.01325
-0.0119388	0.197266	-0.19981
-0.0119161	-0.145644	-0.37736
-0.0118934	-0.428664	-0.47753
-0.0118707	-0.612362	-0.47594
-0.0118481	-0.665468	-0.371
-0.0118254	-0.58459	-0.190482
-0.0118027	-0.392836	0.027984
-0.01178	-0.130698	0.241468
-0.0117574	0.147764	0.401316
-0.0117347	0.3922	0.473714
-0.011712	0.58936	0.445836
-0.0116893	0.693028	0.328706
-0.0116667	0.643738	0.146704
-0.011644	0.411916	-0.066038
-0.0116213	0.06784	-0.271466
-0.0115986	-0.258216	-0.424954
-0.011576	-0.510178	-0.489508
-0.0115533	-0.648084	-0.448698
-0.0115306	-0.650946	-0.311534
-0.0115079	-0.52523	-0.11342
-0.0114853	-0.302736	0.108862
-0.0114626	-0.027666	0.307824
-0.0114399	0.24168	0.438734
-0.0114172	0.470216	0.474668
-0.0113946	0.640982	0.412128
-0.0113719	0.6943	0.268074
-0.0113492	0.578866	0.070914
-0.0113265	0.291182	-0.143948
-0.0113039	-0.057558	-0.335808
-0.0112812	-0.360506	-0.459722
-0.0112585	-0.575368	-0.486752
-0.0112358	-0.664938	-0.408206
-0.0112132	-0.618828	-0.244224
-0.0111905	-0.452938	-0.03286
-0.0111678	-0.205322	0.186878
-0.0111451	0.074942	0.365488
-0.0111224	0.330508	0.46375
-0.0110998	0.542084	0.462796
-0.0110771	0.677658	0.36782
-0.0110544	0.673736	0.20034
-0.0110317	0.49025	-0.007738
-0.0110091	0.162604	-0.219314
-0.0109864	-0.176278	-0.39114
-0.0109637	-0.451348	-0.482088
-0.010941	-0.623598	-0.47011
-0.0109184	-0.66356	-0.35616
-0.0108957	-0.570492	-0.170766
-0.010873	-0.36994	0.049078
-0.0108503	-0.103456	0.259594
-0.0108277	0.173416	0.412128
-0.010805	0.413824	0.475304
-0.0107823	0.60473	0.43831
-0.0107596	0.695678	0.313442
-0.010737	0.629216	0.1272
-0.0107143	0.381282	-0.086814
-0.0106916	0.034026	-0.289274
-0.0106689	-0.286412	-0.435236
-0.0106463	-0.528728	-0.490356
-0.0106236	-0.654338	-0.43937
-0.0106009	-0.644162	-0.294574
-0.0105782	-0.507528	-0.092644
-0.0105556	-0.277826	0.129956
-0.0105329	-0.000424	0.324148
-0.0105102	0.26553	0.446578
-0.0104875	0.490356	0.472972
-0.0104649	0.652854	0.401528
-0.0104422	0.691862	0.251008
-0.0104195	0.558832	0.050456
-0.0103968	0.258004	-0.1643
-0.0103741	-0.08957	-0.351496
-0.0103515	-0.386052	-0.467036
-0.0103288	-0.589996	-0.483996
-0.0103061	-0.666528	-0.395486
-0.0102834	-0.607804	-0.225568
-0.0102608	-0.432162	-0.011554
-0.0102381	-0.179458	0.206594
-0.0102154	0.100488	0.378738
-0.0101927	0.352344	0.46799
-0.0101701	0.55915	0.457602
-0.0101474	0.683912	0.354464
-0.0101247	0.66462	0.18179
-0.010102	0.463856	-0.028196
-0.0100794	0.12773	-0.23956
-0.0100567	-0.207442	-0.405556
-0.010034	-0.474774	-0.487176
-0.0100113	-0.635152	-0.465022
-0.00998866	-0.661864	-0.342592
-0.00996599	-0.556818	-0.152428
-0.00994331	-0.348104	0.068582
-0.00992063	-0.078122	0.275388
-0.00989796	0.195994	0.420608
-0.00987528	0.43195	0.474138
-0.00985261	0.616496	0.42824
-0.00982993	0.694724	0.296376
-0.00980726	0.611302	0.106
-0.00978458	0.34874	-0.108544
-0.0097619	0	-0.307718
-0.00973923	-0.314608	-0.446154
-0.00971655	-0.547702	-0.491416
-0.00969388	-0.66091	-0.430678
-0.0096712	-0.63812	-0.278992
-0.00964853	-0.490886	-0.07314
-0.00962585	-0.254294	0.148612
-0.00960317	0.024698	0.337504
-0.0095805	0.287684	0.451878
-0.00955782	0.507952	0.468414
-0.00953515	0.661546	0.388914
-0.00951247	0.68582	0.231928
-0.0094898	0.534876	0.028514
-0.00946712	0.223554	-0.1855
-0.00944444	-0.121794	-0.367714
-0.00942177	-0.410856	-0.47488
-0.00939909	-0.604094	-0.481982
-0.00937642	-0.668012	-0.384356
-0.00935374	-0.59731	-0.208184
-0.00933107	-0.41287	0.008056
-0.00930839	-0.154548	0.223978
-0.00928571	0.12508	0.389656
-0.00926304	0.37259	0.46958
-0.00924036	0.57452	0.449758
-0.00921769	0.68847	0.338988
-0.00919501	0.652854	0.161332
-0.00917234	0.434918	-0.050456
-0.00914966	0.09434	-0.258216
-0.00912698	-0.236062	-0.417428
-0.00910431	-0.495232	-0.49025
-0.00908163	-0.643738	-0.457708
-0.00905896	-0.657518	-0.327116
-0.00903628	-0.54113	-0.132712
-0.00901361	-0.32489	0.089252
-0.00899093	-0.051622	0.292242
-0.00896825	0.22048	0.429724
-0.00894558	0.452196	0.474032
-0.0089229	0.62964	0.419018
-0.00890023	0.694512	0.28037
-0.00887755	0.59413	0.086178
-0.00885488	0.317258	-0.12879
-0.0088322	-0.032118	-0.324148
-0.00880952	-0.340578	-0.45527
-0.00878685	-0.563496	-0.490462
-0.00876417	-0.664408	-0.419972
-0.0087415	-0.62911	-0.261502
-0.00871882	-0.471806	-0.052576
-0.00869615	-0.229384	0.168328
-0.00867347	0.050774	0.351814
-0.00865079	0.309944	0.457814
-0.00862812	0.525972	0.464916
-0.00860544	0.670344	0.376936
-0.00858277	0.679884	0.214332
-0.00856009	0.511238	0.008056
-0.00853741	0.190376	-0.204792
-0.00851474	-0.15211	-0.3816
-0.00849206	-0.434176	-0.48018
-0.00846939	-0.616178	-0.477106
-0.00844671	-0.667058	-0.370576
-0.00842404	-0.58406	-0.189316
-0.00840136	-0.391034	0.029044
-0.00837868	-0.128154	0.242528
-0.00835601	0.150096	0.401104
-0.00833333	0.39379	0.47223
-0.00831066	0.590314	0.442974
-0.00828798	0.692392	0.324678
-0.00826531	0.640452	0.142252
-0.00824263	0.40598	-0.070702
-0.00821995	0.061374	-0.276024
-0.00819728	-0.264046	-0.428664
-0.0081746	-0.51463	-0.491522
-0.00815193	-0.65084	-0.449228
-0.00812925	-0.6519	-0.311004
-0.00810658	-0.524276	-0.11236
-0.0080839	-0.300828	0.110028
-0.00806122	-0.025546	0.308566
-0.00803855	0.24327	0.438204
-0.00801587	0.471382	0.472866
-0.0079932	0.641088	0.409054
-0.00797052	0.692498	0.26394
-0.00794785	0.574944	0.066356
-0.00792517	0.285352	-0.148294
-0.00790249	-0.063282	-0.33973
-0.00787982	-0.365488	-0.46269
-0.00785714	-0.578972	-0.488236
-0.00783447	-0.66674	-0.408418
-0.00781179	-0.618934	-0.243482
-0.00778912	-0.451772	-0.031906
-0.00776644	-0.20352	0.187832
-0.00774376	0.07685	0.365382
-0.00772109	0.33178	0.462584
-0.00769841	0.54272	0.460358
-0.00767574	0.677022	0.364322
-0.00765306	0.671404	0.196206
-0.00763039	0.485798	-0.012084
-0.00760771	0.157092	-0.223342
-0.00758503	-0.181366	-0.394638
-0.00756236	-0.455694	-0.483996
-0.00753968	-0.62699	-0.470958
-0.00751701	-0.665362	-0.356054
-0.00749433	-0.57028	-0.169812
-0.00747166	-0.368668	0.050138
-0.00744898	-0.101548	0.260336
-0.0074263	0.174794	0.411704
-0.00740363	0.414566	0.473608
-0.00738095	0.604942	0.435342
-0.00735828	0.694194	0.309838
-0.0073356	0.625718	0.123066
-0.00731293	0.37577	-0.09116
-0.00729025	0.028514	-0.29309
-0.00726757	-0.291182	-0.438416
-0.0072449	-0.532544	-0.492158
-0.00722222	-0.656246	-0.439688
-0.00719955	-0.644692	-0.29415
-0.00717687	-0.506468	-0.091902
-0.0071542	-0.276554	0.13038
-0.00713152	0.001166	0.323936
-0.00710884	0.266802	0.445624
-0.00708617	0.490462	0.470746
-0.00706349	0.652006	0.398454
-0.00704082	0.689636	0.247192
-0.00701814	0.554274	0.04611
-0.00699546	0.252704	-0.168116
-0.00697279	-0.094446	-0.354676
-0.00695011	-0.389338	-0.469262
-0.00692744	-0.59201	-0.48495
-0.00690476	-0.6678	-0.39591
-0.00688209	-0.607804	-0.225038
-0.00685941	-0.43142	-0.010706
-0.00683673	-0.176596	0.20829
-0.00681406	0.104198	0.380434
-0.00679138	0.355206	0.468414
-0.00676871	0.562012	0.45686
-0.00674603	0.68529	0.352874
-0.00672336	0.663772	0.179352
-0.00670068	0.460676	-0.03074
-0.006678	0.12508	-0.240302
-0.00665533	-0.20935	-0.405344
-0.00663265	-0.475834	-0.48601
-0.00660998	-0.634728	-0.46269
-0.0065873	-0.659744	-0.339094
-0.00656463	-0.553532	-0.148082
-0.00654195	-0.343758	0.073034
-0.00651927	-0.073352	0.279628
-0.0064966	0.20087	0.423788
-0.00647392	0.43672	0.476046
-0.00645125	0.620418	0.42877
-0.00642857	0.697162	0.296164
-0.0064059	0.611196	0.10494
-0.00638322	0.346196	-0.10971
-0.00636054	-0.00318	-0.308566
-0.00633787	-0.317046	-0.44626
-0.00631519	-0.54908	-0.490144
-0.00629252	-0.66038	-0.428134
-0.00626984	-0.63547	-0.275282
-0.00624717	-0.486752	-0.069112
-0.00622449	-0.249736	0.152746
-0.00620181	0.029256	0.341108
-0.00617914	0.2915	0.454422
-0.00615646	0.511026	0.46958
-0.00613379	0.663772	0.388914
-0.00611111	0.686244	0.231398
-0.00608844	0.532862	0.027454
-0.00606576	0.220798	-0.186242
-0.00604308	-0.124444	-0.367926
-0.00602041	-0.412976	-0.474032
-0.00599773	-0.604836	-0.479544
-0.00597506	-0.66674	-0.380646
-0.00595238	-0.594236	-0.204368
-0.00592971	-0.408524	0.012402
-0.00590703	-0.14946	0.228218
-0.00588435	0.12985	0.39273
-0.00586168	0.376936	0.471806
-0.005839	0.577912	0.450712
-0.00581633	0.689954	0.338882
-0.00579365	0.652324	0.160484
-0.00577098	0.432268	-0.051516
-0.0057483	0.091584	-0.259064
-0.00572562	-0.23797	-0.417322
-0.00570295	-0.49608	-0.488448
-0.00568027	-0.643314	-0.455058
-0.0056576	-0.655398	-0.323088
-0.00563492	-0.537526	-0.128048
-0.00561224	-0.32012	0.093916
-0.00558957	-0.046534	0.296376
-0.00556689	0.22525	0.432692
-0.00554422	0.45686	0.47594
-0.00552154	0.633138	0.419442
-0.00549887	0.696314	0.279734
-0.00547619	0.593388	0.085012
-0.00545351	0.31429	-0.12985
-0.00543084	-0.03498	-0.324784
-0.00540816	-0.342486	-0.454634
-0.00538549	-0.564238	-0.488448
-0.00536281	-0.663136	-0.416898
-0.00534014	-0.626354	-0.257474
-0.00531746	-0.46746	-0.047806
-0.00529478	-0.224084	0.173098
-0.00527211	0.05618	0.355842
-0.00524943	0.314502	0.460464
-0.00522676	0.530212	0.466188
-0.00520408	0.673312	0.376936
-0.00518141	0.680308	0.213378
-0.00515873	0.509224	0.007102
-0.00513605	0.186878	-0.205958
-0.00511338	-0.155078	-0.381494
-0.0050907	-0.435448	-0.478378
-0.00506803	-0.616602	-0.47435
-0.00504535	-0.66568	-0.366548
-0.00502268	-0.580456	-0.18497
-0.005	-0.38637	0.033602
-0.00497732	-0.123172	0.246556
-0.00495465	0.15476	0.404178
-0.00493197	0.397712	0.473926
-0.0049093	0.593494	0.443928
-0.00488662	0.693558	0.324572
-0.00486395	0.639498	0.14151
-0.00484127	0.403012	-0.071338
-0.00481859	0.058194	-0.276236
-0.00479592	-0.265318	-0.427498
-0.00477324	-0.514842	-0.489614
-0.00475057	-0.649992	-0.44626
-0.00472789	-0.649674	-0.307082
-0.00470522	-0.520672	-0.10759
-0.00468254	-0.296058	0.114798
-0.00465986	-0.019928	0.312594
-0.00463719	0.248782	0.441172
-0.00461451	0.47647	0.474456
-0.00459184	0.645222	0.409902
-0.00456916	0.693982	0.263728
-0.00454649	0.57399	0.065508
-0.00452381	0.282066	-0.149248
-0.00450113	-0.066886	-0.340366
-0.00447846	-0.367926	-0.46216
-0.00445578	-0.579608	-0.486434
-0.00443311	-0.665468	-0.405132
-0.00441043	-0.615966	-0.239242
-0.00438776	-0.447638	-0.026818
-0.00436508	-0.198538	0.192602
-0.0043424	0.081938	0.36941
-0.00431973	0.33602	0.46534
-0.00429705	0.546854	0.46163
-0.00427438	0.680202	0.364428
-0.0042517	0.672252	0.195464
-0.00422902	0.484102	-0.01325
-0.00420635	0.153488	-0.224826
-0.00418367	-0.18497	-0.394956
-0.004161	-0.458132	-0.483254
-0.00413832	-0.627202	-0.468944
-0.00411565	-0.663454	-0.352238
-0.00409297	-0.566676	-0.165572
-0.00407029	-0.36358	0.054802
-0.00404762	-0.09646	0.26447
-0.00402494	0.179564	0.41499
-0.00400227	0.419018	0.475834
-0.00397959	0.608228	0.436296
-0.00395692	0.696102	0.309414
-0.00393424	0.625294	0.122112
-0.00391156	0.373332	-0.092114
-0.00388889	0.025864	-0.293938
-0.00386621	-0.293302	-0.438098
-0.00384354	-0.533816	-0.49025
-0.00382086	-0.656246	-0.436826
-0.00379819	-0.64289	-0.290122
-0.00377551	-0.50297	-0.086814
-0.00375283	-0.271784	0.13515
-0.00373016	0.006572	0.328388
-0.00370748	0.272102	0.448592
-0.00368481	0.49555	0.472654
-0.00366213	0.655504	0.398666
-0.00363946	0.689212	0.24486
-0.00361678	0.5512	0.043354
-0.0035941	0.247934	-0.170872
-0.00357143	-0.099322	-0.357114
-0.00354875	-0.39273	-0.470004
-0.00352608	-0.593918	-0.483996
-0.0035034	-0.668648	-0.393684
-0.00348073	-0.606426	-0.22207
-0.00345805	-0.42824	-0.007632
-0.00343537	-0.17384	0.210304
-0.0034127	0.106318	0.380646
-0.00339002	0.35722	0.46746
-0.00336735	0.56286	0.454634
-0.00334467	0.684866	0.349588
-0.003322	0.661016	0.175218
-0.00329932	0.455694	-0.035192
-0.00327664	0.11925	-0.244436
-0.00325397	-0.214756	-0.40863
-0.00323129	-0.47965	-0.488024
-0.00320862	-0.63706	-0.46322
-0.00318594	-0.66091	-0.338564
-0.00316327	-0.553002	-0.147128
-0.00314059	-0.342062	0.0742
-0.00311791	-0.071232	0.280052
-0.00309524	0.202566	0.42347
-0.00307256	0.437992	0.474456
-0.00304989	0.620948	0.425908
-0.00302721	0.695678	0.292666
-0.00300454	0.60791	0.100912
-0.00298186	0.34079	-0.11395
-0.00295918	-0.008268	-0.31217
-0.00293651	-0.321286	-0.44891
-0.00291383	-0.551942	-0.491522
-0.00289116	-0.661758	-0.428028
-0.00286848	-0.635682	-0.274646
-0.0028458	-0.485798	-0.067946
-0.00282313	-0.247828	0.154018
-0.00280045	0.031588	0.341744
-0.00277778	0.293408	0.45368
-0.0027551	0.512828	0.46799
-0.00273243	0.664302	0.386158
-0.00270975	0.684972	0.227582
-0.00268707	0.52947	0.023426
-0.0026644	0.215286	-0.190376
-0.00264172	-0.129744	-0.371424
-0.00261905	-0.417322	-0.476576
-0.00259637	-0.607698	-0.480816
-0.0025737	-0.668224	-0.380646
-0.00255102	-0.593918	-0.203626
-0.00252834	-0.406934	0.01325
-0.00250567	-0.147976	0.22843
-0.00248299	0.131122	0.392306
-0.00246032	0.377466	0.470534
-0.00243764	0.578124	0.448274
-0.00241497	0.688894	0.33549
-0.00239229	0.649356	0.156774
-0.00236961	0.427816	-0.055226
-0.00234694	0.08639	-0.26235
-0.00232426	-0.242846	-0.41976
-0.00230159	-0.499896	-0.490038
-0.00227891	-0.645222	-0.45527
-0.00225624	-0.655928	-0.322876
-0.00223356	-0.536784	-0.127094
-0.00221088	-0.318636	0.09487
-0.00218821	-0.044626	0.296588
-0.00216553	0.226628	0.432056
-0.00214286	0.45739	0.473926
-0.00212018	0.633138	0.416686
-0.00209751	0.694512	0.276554
-0.00207483	0.589784	0.081408
-0.00205215	0.309414	-0.13356
-0.00202948	-0.039644	-0.327858
-0.0020068	-0.346408	-0.456754
-0.00198413	-0.567418	-0.490038
-0.00196145	-0.665044	-0.417004
-0.00193878	-0.626566	-0.256732
-0.0019161	-0.466612	-0.04717
-0.00189342	-0.222706	0.173734
-0.00187075	0.057558	0.355736
-0.00184807	0.315668	0.459192
-0.0018254	0.530424	0.464068
-0.00180272	0.672252	0.374074
-0.00178005	0.677976	0.209986
-0.00175737	0.504984	0.00318
-0.00173469	0.182214	-0.209138
-0.00171202	-0.159424	-0.38478
-0.00168934	-0.439476	-0.480922
-0.00166667	-0.61851	-0.475198
-0.00164399	-0.666528	-0.36676
-0.00162132	-0.58088	-0.184122
-0.00159864	-0.38531	0.034556
-0.00157596	-0.121476	0.247086
-0.00155329	0.156456	0.404072
-0.00153061	0.399302	0.472654
-0.00150794	0.594342	0.441384
-0.00148526	0.69324	0.32118
-0.00146259	0.63706	0.137694
-0.00143991	0.398666	-0.075472
-0.00141723	0.053318	-0.280052
-0.00139456	-0.270512	-0.430784
-0.00137188	-0.51887	-0.491416
-0.00134921	-0.652006	-0.446684
-0.00132653	-0.649992	-0.306552
-0.00130385	-0.520142	-0.10653
-0.00128118	-0.294574	0.11554
-0.0012585	-0.018232	0.312912
-0.00123583	0.250266	0.440748
-0.00121315	0.477318	0.47276
-0.00119048	0.645222	0.406828
-0.0011678	0.693134	0.260018
-0.00114512	0.570704	0.061268
-0.00112245	0.277296	-0.1537
-0.00109977	-0.071656	-0.343758
-0.0010771	-0.372166	-0.464704
-0.00105442	-0.582788	-0.487706
-0.00103175	-0.667376	-0.405132
-0.00100907	-0.616178	-0.238712
-0.000986395	-0.44679	-0.0265
-0.000963719	-0.197372	0.19292
-0.000941043	0.082892	0.369092
-0.000918367	0.336868	0.46375
-0.000895692	0.547278	0.459404
-0.000873016	0.67893	0.36146
-0.00085034	0.669496	0.19186
-0.000827664	0.479756	-0.01696
-0.000804989	0.149142	-0.228006
-0.000782313	-0.188892	-0.397394
-0.000759637	-0.461206	-0.48495
-0.000736961	-0.629216	-0.469262
-0.000714286	-0.66409	-0.352238
-0.00069161	-0.56657	-0.164936
-0.000668934	-0.362732	0.055332
-0.000646259	-0.095082	0.26447
-0.000623583	0.180518	0.414354
-0.000600907	0.419124	0.473926
-0.000578231	0.607592	0.43354
-0.000555556	0.694088	0.30634
-0.00053288	0.621584	0.118508
-0.000510204	0.368032	-0.095718
-0.000487528	0.020564	-0.296906
-0.000464853	-0.297224	-0.44043
-0.000442177	-0.536466	-0.491628
-0.000419501	-0.657836	-0.437038
-0.000396825	-0.641618	-0.288214
-0.00037415	-0.500532	-0.084482
-0.000351474	-0.268498	0.137588
-0.000328798	0.009858	0.33019
-0.000306122	0.274752	0.44944
-0.000283447	0.497776	0.47223
-0.000260771	0.657094	0.397394
-0.000238095	0.690272	0.244542
-0.00021542	0.550352	0.042612
-0.000192744	0.245496	-0.171826
-0.000170068	-0.101442	-0.357114
-0.000147392	-0.394956	-0.469686
-0.000124717	-0.594554	-0.482618
-0.000102041	-0.666528	-0.390716
-7.93651e-05	-0.603246	-0.21836
-5.66893e-05	-0.424318	-0.003074
-3.40136e-05	-0.169388	0.214226
-1.13379e-05	0.110876	0.383932
1.13379e-05	0.361248	0.469792
3.40136e-05	0.56657	0.455482
5.66893e-05	0.687092	0.349588
7.93651e-05	0.66144	0.174688
0.000102041	0.45368	-0.03604
0.000124717	0.116388	-0.245178
0.000147392	-0.216876	-0.408524
0.000170068	-0.481028	-0.486646
0.000192744	-0.636848	-0.460676
0.00021542	-0.658684	-0.335066
0.000238095	-0.549398	-0.142994
0.000260771	-0.337822	0.078652
0.000283447	-0.066568	0.28408
0.000306122	0.207124	0.426332
0.000328798	0.441914	0.476258
0.000351474	0.62381	0.42665
0.00037415	0.697162	0.29203
0.000396825	0.607062	0.10017
0.000419501	0.338352	-0.114798
0.000442177	-0.011236	-0.312594
0.000464853	-0.323512	-0.44838
0.000487528	-0.552896	-0.48972
0.000510204	-0.661228	-0.425166
0.00053288	-0.63335	-0.270618
0.000555556	-0.481982	-0.063706
0.000578231	-0.243376	0.157834
0.000600907	0.035828	0.344924
0.000623583	0.297012	0.4558
0.000646259	0.51569	0.46905
0.000668934	0.665574	0.386052
0.00069161	0.684654	0.227052
0.000714286	0.527244	0.022684
0.000736961	0.212212	-0.190906
0.000759637	-0.131864	-0.371
0.000782313	-0.418488	-0.475092
0.000804989	-0.607486	-0.478166
0.000827664	-0.666528	-0.377148
0.00085034	-0.59095	-0.19928
0.000873016	-0.402906	0.018126
0.000895692	-0.14257	0.232882
0.000918367	0.136422	0.396016
0.000941043	0.382554	0.47276
0.000963719	0.582152	0.449334
0.000986395	0.691332	0.335596
0.00100907	0.649568	0.155926
0.00103175	0.425166	-0.056392
0.00105442	0.083104	-0.263092
0.0010771	-0.244966	-0.419866
0.00109977	-0.500638	-0.488554
0.00112245	-0.644798	-0.452408
0.00114512	-0.653702	-0.318742
0.0011678	-0.533392	-0.122642
0.00119048	-0.313866	0.099534
0.00121315	-0.039644	0.300722
0.00123583	0.231398	0.43513
0.0012585	0.461948	0.475728
0.00128118	0.63653	0.417216
0.00130385	0.696102	0.27613
0.00132653	0.58883	0.080242
0.00134921	0.306552	-0.134832
0.00137188	-0.042824	-0.328494
0.00139456	-0.349058	-0.456542
0.00141723	-0.568372	-0.488024
0.00143991	-0.663772	-0.413718
0.00146259	-0.62381	-0.252598
0.00148526	-0.46216	-0.042612
0.00150794	-0.2173	0.177974
0.00153061	0.062752	0.35934
0.00155329	0.320014	0.461524
0.00157596	0.534028	0.465128
0.00159864	0.674478	0.374074
0.00162132	0.677976	0.209032
0.00164399	0.50244	0.002014
0.00166667	0.178822	-0.210304
0.00168934	-0.162074	-0.385098
0.00171202	-0.44096	-0.479862
0.00173469	-0.618616	-0.472866
0.00175737	-0.664832	-0.36305
0.00178005	-0.577064	-0.17967
0.00180272	-0.380434	0.03922
0.0018254	-0.115858	0.25122
0.00184807	0.16165	0.407252
0.00187075	0.403754	0.474774
0.00189342	0.597628	0.44202
0.0019161	0.694512	0.32065
0.00193878	0.635788	0.136422
0.00196145	0.39538	-0.077062
0.00198413	0.04982	-0.281006
0.0020068	-0.273268	-0.430466
0.00202948	-0.519824	-0.490038
0.00205215	-0.651582	-0.443716
0.00207483	-0.647766	-0.302418
0.00209751	-0.516114	-0.101972
0.00212018	-0.289592	0.120416
0.00214286	-0.01272	0.317046
0.00216553	0.25493	0.443186
0.00218821	0.481452	0.474244
0.00221088	0.64819	0.40704
0.00223356	0.693982	0.25917
0.00225624	0.568902	0.059996
0.00227891	0.273904	-0.154866
0.00230159	-0.074624	-0.344288
0.00232426	-0.374498	-0.463856
0.00234694	-0.58353	-0.485586
0.00236961	-0.666316	-0.40174
0.00239229	-0.613316	-0.234154
0.00241497	-0.44202	-0.021412
0.00243764	-0.19133	0.197796
0.00246032	0.08904	0.373014
0.00248299	0.342486	0.4664
0.00250567	0.552154	0.46057
0.00252834	0.68211	0.361142
0.00255102	0.670344	0.1908
0.0025737	0.47753	-0.018338
0.00259637	0.145326	-0.229172
0.00261905	-0.191966	-0.39803
0.00264172	-0.463432	-0.483996
0.0026644	-0.629428	-0.466824
0.00268707	-0.6625	-0.348422
0.00270975	-0.562966	-0.160378
0.00273243	-0.358068	0.05989
0.0027551	-0.089676	0.268922
0.00277778	0.185182	0.417216
0.00280045	0.42188	0.474032
0.00282313	0.609818	0.432586
0.0028458	0.694406	0.304008
0.00286848	0.619358	0.11554
0.00289116	0.364004	-0.09858
0.00291383	0.016218	-0.299238
0.00293651	-0.300828	-0.441702
0.00295918	-0.538904	-0.491522
0.00298186	-0.65826	-0.435766
0.00300454	-0.641724	-0.287366
0.00302721	-0.499366	-0.083422
0.00304989	-0.266272	0.138754
0.00307256	0.01219	0.330402
0.00309524	0.276448	0.448592
0.00311791	0.498624	0.47011
0.00314059	0.656564	0.394426
0.00316327	0.688152	0.240726
0.00318594	0.545794	0.038584
0.00320862	0.239878	-0.175854
0.00323129	-0.106636	-0.3604
0.00325397	-0.399302	-0.471912
0.00327664	-0.597628	-0.483466
0.00329932	-0.667906	-0.390504
0.003322	-0.602822	-0.217406
0.00334467	-0.422834	-0.002226
0.00336735	-0.167586	0.21465
0.00339002	0.112254	0.383508
0.0034127	0.361672	0.467884
0.00343537	0.565828	0.452832
0.00345805	0.684866	0.345878
0.00348073	0.6572	0.170554
0.0035034	0.44785	-0.04028
0.00352608	0.110558	-0.248676
0.00354875	-0.22154	-0.411068
0.00357143	-0.484738	-0.488024
0.0035941	-0.638968	-0.460994
0.00361678	-0.659214	-0.334218
0.00363946	-0.548232	-0.141828
0.00366213	-0.335596	0.079606
0.00368481	-0.06413	0.284504
0.00370748	0.209138	0.425378
0.00373016	0.442868	0.474138
0.00375283	0.623492	0.42347
0.00377551	0.694724	0.288108
0.00379819	0.602398	0.095612
0.00382086	0.332098	-0.119144
0.00384354	-0.016748	-0.316304
0.00386621	-0.327858	-0.450924
0.00388889	-0.555652	-0.49078
0.00391156	-0.662182	-0.424954
0.00393424	-0.632714	-0.269664
0.00395692	-0.480286	-0.062116
0.00397959	-0.241256	0.159106
0.00400227	0.03816	0.345348
0.00402494	0.299026	0.454952
0.00404762	0.516644	0.466506
0.00407029	0.665468	0.382448
0.00409297	0.681898	0.2226
0.00411565	0.521732	0.017702
0.00413832	0.20564	-0.19557
0.004161	-0.138012	-0.374922
0.00418367	-0.423046	-0.477318
0.00420635	-0.610136	-0.478908
0.00422902	-0.667058	-0.376406
0.0042517	-0.589784	-0.19769
0.00427438	-0.400468	0.01961
0.00429705	-0.139814	0.233836
0.00431973	0.138542	0.395698
0.0043424	0.383932	0.470746
0.00436508	0.582046	0.445942
0.00438776	0.689212	0.33125
0.00441043	0.644798	0.150838
0.00443311	0.417852	-0.061692
0.00445578	0.07579	-0.267756
0.00447846	-0.251326	-0.423152
0.00450113	-0.505302	-0.490356
0.00452381	-0.64713	-0.45262
0.00454649	-0.654232	-0.317788
0.00456916	-0.53159	-0.120628
0.00459184	-0.311216	0.101442
0.00461451	-0.036676	0.301782
0.00463719	0.233836	0.435024
0.00465986	0.46375	0.473396
0.00468254	0.636636	0.4134
0.00470522	0.694088	0.271254
0.00472789	0.583742	0.074942
0.00475057	0.29945	-0.13992
0.00477324	-0.049926	-0.332946
0.00479592	-0.354994	-0.459616
0.00481859	-0.572718	-0.489296
0.00484127	-0.666104	-0.413294
0.00486395	-0.623492	-0.251326
0.00488662	-0.46057	-0.040704
0.0049093	-0.214438	0.179776
0.00493197	0.06572	0.359764
0.00495465	0.322452	0.460676
0.00497732	0.53583	0.462796
0.005	0.674372	0.36994
0.00502268	0.675326	0.204156
0.00504535	0.496928	-0.003286
0.00506803	0.171508	-0.215392
0.0050907	-0.168858	-0.38902
0.00511338	-0.446048	-0.4823
0.00513605	-0.621796	-0.473502
0.00515873	-0.66621	-0.362202
0.00518141	-0.576322	-0.177974
0.00520408	-0.378208	0.041234
0.00522676	-0.113102	0.252598
0.00524943	0.164406	0.407358
0.00527211	0.405874	0.473184
0.00529478	0.598794	0.43884
0.00531746	0.693664	0.316622
0.00534014	0.63229	0.131546
0.00536281	0.38902	-0.082256
0.00538549	0.042718	-0.28567
0.00540816	-0.279204	-0.434176
0.00543084	-0.524594	-0.491946
0.00545351	-0.653808	-0.44414
0.00547619	-0.64819	-0.30157
0.00549887	-0.51463	-0.100276
0.00552154	-0.286836	0.122112
0.00554422	-0.009858	0.317788
0.00556689	0.257156	0.442974
0.00558957	0.483148	0.472018
0.00561224	0.648614	0.403224
0.00563492	0.692392	0.254612
0.0056576	0.564556	0.055014
0.00568027	0.267226	-0.159742
0.00570295	-0.08109	-0.348528
0.00572562	-0.379692	-0.46693
0.0057483	-0.587028	-0.486752
0.00577098	-0.6678	-0.401422
0.00579365	-0.612574	-0.2332
0.00581633	-0.440006	-0.019928
0.005839	-0.189104	0.198856
0.00586168	0.090842	0.372802
0.00588435	0.343652	0.465022
0.00590703	0.552154	0.457708
0.00592971	0.680732	0.35722
0.00595238	0.666422	0.186242
0.00597506	0.47117	-0.023108
0.00599773	0.138542	-0.233518
0.00602041	-0.198008	-0.401104
0.00604308	-0.466506	-0.484632
0.00606576	-0.630382	-0.465446
0.00608844	-0.661546	-0.345454
0.00611111	-0.560316	-0.15688
0.00613379	-0.353934	0.0636
0.00615646	-0.085118	0.271678
0.00617914	0.190164	0.419336
0.00620181	0.42771	0.47594
0.00622449	0.613952	0.43248
0.00624717	0.696102	0.302842
0.00626984	0.618298	0.113632
0.00629252	0.360082	-0.100382
0.00631519	0.011978	-0.300934
0.00633787	-0.304432	-0.441914
0.00636054	-0.540812	-0.49025
0.00638322	-0.657942	-0.432586
0.0064059	-0.639286	-0.282702
0.00642857	-0.495232	-0.078334
0.00645125	-0.260866	0.143842
0.00647392	0.017914	0.334748
0.0064966	0.281854	0.451666
0.00651927	0.503288	0.471382
0.00654195	0.659744	0.394214
0.00656463	0.688788	0.239242
0.0065873	0.543356	0.036464
0.00660998	0.23532	-0.177868
0.00663265	-0.11077	-0.361672
0.00665533	-0.40227	-0.471488
0.006678	-0.5989	-0.481558
0.00670068	-0.666846	-0.386688
0.00672336	-0.599748	-0.21253
0.00674603	-0.417852	0.00318
0.00676871	-0.16112	0.21995
0.00679138	0.11872	0.38743
0.00681406	0.367926	0.47064
0.00683673	0.571552	0.453786
0.00685941	0.688576	0.345136
0.00688209	0.658048	0.168964
0.00690476	0.4452	-0.0424
0.00692744	0.106212	-0.250796
0.00695011	-0.22578	-0.412128
0.00697279	-0.487282	-0.4876
0.00699546	-0.639392	-0.458344
0.00701814	-0.657518	-0.330296
0.00704082	-0.544946	-0.136952
0.00706349	-0.330614	0.084906
0.00708617	-0.058406	0.289168
0.00710884	0.214544	0.429088
0.00713152	0.448168	0.476258
0.0071542	0.627944	0.423894
0.00717687	0.697056	0.287366
0.00719955	0.60155	0.094128
0.00722222	0.328706	-0.120946
0.0072449	-0.021094	-0.317682
0.00726757	-0.331356	-0.451242
0.00729025	-0.557666	-0.48972
0.00731293	-0.662182	-0.421986
0.0073356	-0.630488	-0.265318
0.00735828	-0.47594	-0.057452
0.00738095	-0.235638	0.163982
0.00740363	0.043778	0.349164
0.0074263	0.303902	0.45739
0.00744898	0.521414	0.467884
0.00747166	0.668542	0.382236
0.00749433	0.68317	0.221434
0.00751701	0.52046	0.01643
0.00753968	0.20246	-0.196842
0.00756236	-0.140874	-0.375452
0.00758503	-0.425484	-0.476788
0.00760771	-0.61109	-0.477
0.00763039	-0.665998	-0.373226
0.00765306	-0.586604	-0.193768
0.00767574	-0.396122	0.023956
0.00769841	-0.135256	0.23797
0.00772109	0.1431	0.39909
0.00774376	0.387854	0.473184
0.00776644	0.585968	0.447108
0.00778912	0.691438	0.331038
0.00781179	0.644904	0.150202
0.00783447	0.41605	-0.062434
0.00785714	0.07314	-0.268392
0.00787982	-0.253234	-0.422834
0.00790249	-0.506362	-0.488978
0.00792517	-0.646706	-0.449758
0.00794785	-0.6519	-0.314078
0.00797052	-0.528092	-0.116812
0.0079932	-0.306764	0.10547
0.00801587	-0.031588	0.305492
0.00803855	0.238182	0.437356
0.00806122	0.467248	0.475092
0.0080839	0.639286	0.413824
0.00810658	0.694936	0.270724
0.00812925	0.58247	0.073988
0.00815193	0.29627	-0.140874
0.0081746	-0.052576	-0.333158
0.00819728	-0.356266	-0.458768
0.00821995	-0.572718	-0.487282
0.00824263	-0.664514	-0.410114
0.00826531	-0.620842	-0.247192
0.00828798	-0.45633	-0.036146
0.00831066	-0.209668	0.184016
0.00833333	0.070702	0.363368
0.00835601	0.327222	0.463008
0.00837868	0.539858	0.46375
0.00840136	0.677128	0.36994
0.00842404	0.675856	0.203626
0.00844671	0.494914	-0.004134
0.00846939	0.168328	-0.216346
0.00849206	-0.171508	-0.38902
0.00851474	-0.448062	-0.481346
0.00853741	-0.622008	-0.471276
0.00856009	-0.66409	-0.358386
0.00858277	-0.572718	-0.173522
0.00860544	-0.37365	0.045898
0.00862812	-0.107802	0.256944
0.00865079	0.169176	0.410644
0.00867347	0.410432	0.475304
0.00869615	0.602504	0.439688
0.00871882	0.695678	0.316198
0.0087415	0.631972	0.130592
0.00876417	0.38637	-0.08321
0.00878685	0.039538	-0.286624
0.00880952	-0.28196	-0.433752
0.0088322	-0.525866	-0.490038
0.00885488	-0.65349	-0.441066
0.00887755	-0.645328	-0.297224
0.00890023	-0.510602	-0.095718
0.0089229	-0.28196	0.12667
0.00894558	-0.004664	0.321922
0.00896825	0.262032	0.44573
0.00899093	0.487282	0.473608
0.00901361	0.651582	0.403648
0.00903628	0.693028	0.253976
0.00905896	0.562542	0.053848
0.00908163	0.263622	-0.160908
0.00910431	-0.084588	-0.349164
0.00912698	-0.382024	-0.4664
0.00914966	-0.587876	-0.484738
0.00917234	-0.666634	-0.39803
0.00919501	-0.609606	-0.228536
0.00921769	-0.436508	-0.015688
0.00924036	-0.185606	0.201612
0.00926304	0.09487	0.374922
0.00928571	0.347044	0.465764
0.00930839	0.55491	0.457072
0.00933107	0.682004	0.355418
0.00935374	0.665574	0.183486
0.00937642	0.467778	-0.02597
0.00939909	0.133984	-0.23638
0.00942177	-0.20193	-0.40333
0.00944444	-0.470958	-0.486434
0.00946712	-0.633562	-0.4664
0.0094898	-0.662924	-0.34556
0.00951247	-0.559892	-0.156138
0.00953515	-0.352662	0.064766
0.00955782	-0.083316	0.272314
0.0095805	0.191648	0.418912
0.00960317	0.428346	0.474244
0.00962585	0.614058	0.429936
0.00964853	0.694512	0.29945
0.0096712	0.6148	0.10971
0.00969388	0.354782	-0.104834
0.00971655	0.006254	-0.304432
0.00973923	-0.309308	-0.444458
0.0097619	-0.54431	-0.491522
0.00978458	-0.659956	-0.432586
0.00980726	-0.639816	-0.282066
0.00982993	-0.494278	-0.077062
0.00985261	-0.25917	0.144902
0.00987528	0.019822	0.33496
0.00989796	0.283338	0.450924
0.00992063	0.504136	0.469368
0.00994331	0.659532	0.39114
0.00996599	0.686986	0.235532
0.00998866	0.53954	0.032436
0.0100113	0.230126	-0.181578
0.010034	-0.115752	-0.364746
0.0100567	-0.406192	-0.473714
0.0100794	-0.601444	-0.482194
0.010102	-0.66833	-0.386582
0.0101247	-0.599748	-0.211788
0.0101474	-0.416686	0.004346
0.0101701	-0.159742	0.220586
0.0101927	0.119886	0.38743
0.0102154	0.368774	0.469368
0.0102381	0.571658	0.451242
0.0102608	0.687516	0.34185
0.0102834	0.655292	0.165148
0.0103061	0.440324	-0.046322
0.0103288	0.100912	-0.254294
0.0103515	-0.23055	-0.41499
0.0103741	-0.490992	-0.489296
0.0103968	-0.641724	-0.459086
0.0104195	-0.658154	-0.330084
0.0104422	-0.54378	-0.136104
0.0104649	-0.329236	0.085542
0.0104875	-0.05671	0.289486
0.0105102	0.215816	0.428452
0.0105329	0.448804	0.47435
0.0105556	0.627838	0.421138
0.0105782	0.69536	0.283762
0.0106009	0.59837	0.090206
0.0106236	0.324148	-0.124656
0.0106463	-0.02544	-0.320862
0.0106689	-0.335066	-0.453362
0.0106916	-0.560528	-0.490674
0.0107143	-0.664196	-0.422198
0.010737	-0.631442	-0.265106
0.0107596	-0.47594	-0.05671
0.0107823	-0.234578	0.164406
0.010805	0.045474	0.349164
0.0108277	0.305492	0.456754
0.0108503	0.522368	0.465764
0.010873	0.668436	0.379586
0.0108957	0.680838	0.218042
0.0109184	0.515796	0.012402
0.010941	0.196842	-0.200976
0.0109637	-0.146492	-0.378844
0.0109864	-0.42983	-0.47912
0.0110091	-0.613952	-0.478272
0.0110317	-0.667694	-0.373226
0.0110544	-0.587028	-0.193026
0.0110771	-0.39538	0.025122
0.0110998	-0.133666	0.238712
0.0111224	0.144902	0.39909
0.0111451	0.38955	0.472018
0.0111678	0.587134	0.444458
0.0111905	0.69165	0.327752
0.0112132	0.64342	0.14628
0.0112358	0.412022	-0.066568
0.0112585	0.068052	-0.27242
0.0112812	-0.25864	-0.426332
0.0113039	-0.51092	-0.491416
0.0113265	-0.649674	-0.451136
0.0113492	-0.65349	-0.31429
0.0113719	-0.528092	-0.116388
0.0113946	-0.30581	0.105894
0.0114172	-0.030952	0.30528
0.0114399	0.238712	0.43672
0.0114626	0.467354	0.473396
0.0114853	0.638862	0.411174
0.0115079	0.69324	0.267438
0.0115306	0.579078	0.07049
0.0115533	0.292136	-0.144266
0.011576	-0.056922	-0.336444
0.0115986	-0.360824	-0.461206
0.0116213	-0.57611	-0.488766
0.011644	-0.666528	-0.410644
0.0116667	-0.621266	-0.247086
0.0116893	-0.456012	-0.036146
0.011712	-0.208926	0.183804
0.0117347	0.071338	0.362732
0.0117574	0.326904	0.461524
0.01178	0.53901	0.461418
0.0118027	0.675432	0.366972
0.0118254	0.672888	0.200022
0.0118481	0.490992	-0.007632
0.0118707	0.163876	-0.219526
0.0118934	-0.175218	-0.391776
0.0119161	-0.451348	-0.483254
0.0119388	-0.62434	-0.472124
0.0119615	-0.665362	-0.358916
0.0119841	-0.57293	-0.17384
0.0120068	-0.373014	0.045792
0.0120295	-0.10706	0.25652
0.0120522	0.169918	0.40969
0.0120748	0.409796	0.47329
0.0120975	0.601126	0.436826
0.0121202	0.693452	0.312912
0.0121429	0.62805	0.126988
0.0121655	0.3816	-0.086814
0.0121882	0.035298	-0.289592
0.0122109	-0.285564	-0.43619
0.0122336	-0.528728	-0.491628
0.0122562	-0.655186	-0.441384
0.0122789	-0.646282	-0.297224
0.0123016	-0.510284	-0.095612
0.0123243	-0.281112	0.126564
0.0123469	-0.00371	0.321498
0.0123696	0.26288	0.444564
0.0123923	0.4876	0.471276
0.012415	0.650946	0.400786
0.0124376	0.690908	0.250584
0.0124603	0.559362	0.050668
0.012483	0.26129	-0.162392
0.0125057	-0.086496	-0.349694
0.0125283	-0.383508	-0.466506
0.012551	-0.588194	-0.484208
0.0125737	-0.66621	-0.396652
0.0125964	-0.60897	-0.227052
0.012619	-0.434282	-0.013038
0.0126417	-0.181578	0.205216
0.0126644	0.098474	0.377784
0.0126871	0.350754	0.467884
0.0127098	0.558196	0.458026
0.0127324	0.68423	0.35563
0.0127551	0.666104	0.18338
0.0127778	0.466188	-0.0265
0.0128005	0.131758	-0.236698
0.0128231	-0.203732	-0.403012
0.0128458	-0.471912	-0.48548
0.0128685	-0.633032	-0.464174
0.0128912	-0.660592	-0.342274
0.0129138	-0.556606	-0.152428
0.0129365	-0.348846	0.06837
0.0129592	-0.079606	0.275812
0.0129819	0.194934	0.42135
0.0130045	0.431526	0.475622
0.0130272	0.616496	0.430466
0.0130499	0.695678	0.299238
0.0130726	0.613952	0.109286
0.0130952	0.352556	-0.105258
0.0131179	0.004028	-0.30475
0.0131406	-0.311216	-0.444034
0.0131633	-0.544946	-0.489826
0.0131859	-0.659108	-0.429936
0.0132086	-0.637166	-0.278674
0.0132313	-0.490886	-0.073352
0.013254	-0.254718	0.148612
0.0132766	0.024168	0.33814
0.0132993	0.28673	0.452938
0.013322	0.50721	0.470428
0.0133447	0.66144	0.391352
0.0133673	0.68688	0.235002
0.01339	0.537526	0.031906
0.0134127	0.227052	-0.182108
0.0134354	-0.118084	-0.364746
0.013458	-0.407994	-0.47276
0.0134807	-0.602186	-0.480392
0.0135034	-0.666846	-0.383508
0.0135261	-0.59678	-0.208184
0.0135488	-0.412552	0.008268
0.0135714	-0.154972	0.224402
0.0135941	0.124762	0.390398
0.0136168	0.37259	0.47117
0.0136395	0.574626	0.452196
0.0136621	0.689	0.34185
0.0136848	0.654656	0.164406
0.0137075	0.437992	-0.047064
0.0137302	0.098262	-0.255036
0.0137528	-0.232246	-0.414566
0.0137755	-0.491946	-0.487812
0.0137982	-0.6413	-0.45633
0.0138209	-0.656034	-0.32595
0.0138435	-0.540388	-0.131864
0.0138662	-0.324996	0.089994
0.0138889	-0.052258	0.292984
0.0139116	0.219526	0.430996
0.0139342	0.451878	0.475728
0.0139569	0.629852	0.421244
0.0139796	0.695572	0.283232
