-0.0140023	1.54866	0.395274
-0.0139796	1.53117	0.217406
-0.0139569	1.5546	-0.014204
-0.0139342	1.45983	-0.249418
-0.0139116	1.14809	-0.431738
-0.0138889	0.81991	-0.524064
-0.0138662	0.515478	-0.512722
-0.0138435	0.269028	-0.403648
-0.0138209	0.05141	-0.230444
-0.0137982	-0.062116	-0.03604
-0.0137755	0.01166	0.14522
-0.0137528	0.34079	0.29309
-0.0137302	0.95824	0.407888
-0.0137075	1.47976	0.477
-0.0136848	1.5494	0.467778
-0.0136621	1.537	0.364004
-0.0136395	1.53435	0.179776
-0.0136168	1.54993	-0.047382
-0.0135941	1.41807	-0.267968
-0.0135714	1.10516	-0.431632
-0.0135488	0.799664	-0.505408
-0.0135261	0.519506	-0.479226
-0.0135034	0.327222	-0.361354
-0.0134807	0.198856	-0.18232
-0.013458	0.25546	0.019504
-0.0134354	0.586498	0.217512
-0.0134127	1.15625	0.39432
-0.01339	1.53997	0.514206
-0.0133673	1.54007	0.537632
-0.0133447	1.54145	0.443398
-0.013322	1.53053	0.261078
-0.0132993	1.54145	0.03074
-0.0132766	1.48866	-0.220586
-0.013254	1.18307	-0.426968
-0.0132313	0.82574	-0.54378
-0.0132086	0.4929	-0.553002
-0.0131859	0.182638	-0.457496
-0.0131633	-0.14575	-0.292984
-0.0131406	-0.451136	-0.107378
-0.0131179	-0.699812	0.054272
-0.0130952	-0.82362	0.163558
-0.0130726	-0.842488	0.212848
-0.0130499	-0.844608	0.201612
-0.0130272	-0.882768	0.137376
-0.0130045	-0.998838	0.034874
-0.0129819	-1.20246	-0.086178
-0.0129592	-1.46418	-0.203944
-0.0129365	-1.69399	-0.28779
-0.0129138	-1.84504	-0.313442
-0.0128912	-1.91192	-0.271784
-0.0128685	-1.88563	-0.169388
-0.0128458	-1.77762	-0.028302
-0.0128231	-1.60876	0.120522
-0.0128005	-1.42337	0.243376
-0.0127778	-1.23426	0.312488
-0.0127551	-1.05883	0.314714
-0.0127324	-0.950078	0.252386
-0.0127098	-0.949548	0.136846
-0.0126871	-1.07696	-0.011024
-0.0126644	-1.32585	-0.165678
-0.0126417	-1.6077	-0.296482
-0.012619	-1.83762	-0.370364
-0.0125964	-1.92167	-0.365594
-0.0125737	-1.91786	-0.279628
-0.012551	-1.9063	-0.129532
-0.0125283	-1.74169	0.051304
-0.0125057	-1.51834	0.222494
-0.012483	-1.28981	0.345242
-0.0124603	-1.04368	0.394002
-0.0124376	-0.843866	0.362732
-0.012415	-0.749526	0.258004
-0.0123923	-0.80295	0.099428
-0.0123696	-1.01643	-0.085966
-0.0123469	-1.35436	-0.26606
-0.0123243	-1.71614	-0.403966
-0.0123016	-1.91351	-0.46216
-0.0122789	-1.9133	-0.420502
-0.0122562	-1.91425	-0.284504
-0.0122336	-1.90217	-0.082256
-0.0122109	-1.69176	0.14098
-0.0121882	-1.41118	0.334748
-0.0121655	-1.11586	0.456012
-0.0121429	-0.80825	0.48336
-0.0121202	-0.575368	0.415308
-0.0120975	-0.403754	0.26977
-0.0120748	-0.334112	0.083104
-0.0120522	-0.488448	-0.111618
-0.0120295	-0.920186	-0.294998
-0.0120068	-1.46927	-0.446048
-0.0119841	-1.85945	-0.526926
-0.0119615	-1.92305	-0.50403
-0.0119388	-1.89804	-0.372166
-0.0119161	-1.9204	-0.17172
-0.0118934	-1.79628	0.064978
-0.0118707	-1.49407	0.295952
-0.0118481	-1.17692	0.461736
-0.0118254	-0.828072	0.532014
-0.0118027	-0.522474	0.496716
-0.01178	-0.213378	0.372378
-0.0117574	0.09752	0.19981
-0.0117347	0.366972	0.025652
-0.011712	0.577488	-0.111406
-0.0116893	0.66992	-0.190588
-0.0116667	0.696844	-0.20882
-0.011644	0.73246	-0.170342
-0.0116213	0.822348	-0.086708
-0.0115986	0.994916	0.024592
-0.011576	1.23734	0.142676
-0.0115533	1.48029	0.240408
-0.0115306	1.55428	0.29097
-0.0115079	1.54537	0.27825
-0.0114853	1.54845	0.202248
-0.0114626	1.55089	0.078122
-0.0114399	1.54262	-0.066992
-0.0114172	1.38097	-0.200022
-0.0113946	1.18932	-0.291288
-0.0113719	1.02269	-0.320968
-0.0113492	0.886584	-0.285352
-0.0113265	0.845138	-0.19186
-0.0113039	0.924744	-0.057876
-0.0112812	1.12402	0.093068
-0.0112585	1.40461	0.232882
-0.0112358	1.55735	0.3286
-0.0112132	1.54548	0.35351
-0.0111905	1.55205	0.29892
-0.0111678	1.54241	0.174264
-0.0111451	1.56074	0.006572
-0.0111224	1.48453	-0.16642
-0.0110998	1.24974	-0.305598
-0.0110771	1.02693	-0.380434
-0.0110544	0.817366	-0.377784
-0.0110317	0.685714	-0.300828
-0.0110091	0.69165	-0.163134
-0.0109864	0.84429	0.010494
-0.0109637	1.14703	0.18974
-0.010941	1.48114	0.341108
-0.0109184	1.55937	0.425696
-0.0108957	1.5406	0.41764
-0.010873	1.54908	0.31429
-0.0108503	1.53901	0.136634
-0.0108277	1.55894	-0.076108
-0.010805	1.39369	-0.276448
-0.0107823	1.09731	-0.418912
-0.0107596	0.813444	-0.47488
-0.010737	0.566676	-0.437568
-0.0107143	0.439158	-0.315138
-0.0106916	0.464916	-0.132182
-0.0106689	0.695466	0.079606
-0.0106463	1.12148	0.28832
-0.0106236	1.50965	0.452938
-0.0106009	1.55311	0.529682
-0.0105782	1.53721	0.490992
-0.0105556	1.54177	0.34344
-0.0105329	1.52979	0.13197
-0.0105102	1.54336	-0.115858
-0.0104875	1.33804	-0.348846
-0.0104649	0.979122	-0.50615
-0.0104422	0.63547	-0.562436
-0.0104195	0.321816	-0.509436
-0.0103968	0.008056	-0.36888
-0.0103741	-0.304962	-0.185712
-0.0103515	-0.566782	-0.007738
-0.0103288	-0.7473	0.127306
-0.0103061	-0.803162	0.202884
-0.0102834	-0.80666	0.215498
-0.0102608	-0.828178	0.169812
-0.0102381	-0.91425	0.078652
-0.0102154	-1.08915	-0.040704
-0.0101927	-1.34366	-0.16483
-0.0101701	-1.60611	-0.267332
-0.0101474	-1.79723	-0.319166
-0.0101247	-1.90153	-0.304326
-0.010102	-1.91468	-0.2226
-0.0100794	-1.83687	-0.090206
-0.0100567	-1.68381	0.063706
-0.010034	-1.49661	0.204686
-0.0100113	-1.30285	0.300192
-0.00998866	-1.10993	0.331038
-0.00996599	-0.961738	0.293196
-0.00994331	-0.910964	0.194722
-0.00992063	-0.985164	0.053848
-0.00989796	-1.1942	-0.105258
-0.00987528	-1.48495	-0.253552
-0.00985261	-1.7561	-0.357538
-0.00982993	-1.91118	-0.388066
-0.00980726	-1.91563	-0.3339
-0.00978458	-1.9239	-0.20405
-0.0097619	-1.83497	-0.0265
-0.00973923	-1.61099	0.158682
-0.00971655	-1.38319	0.31111
-0.00969388	-1.12879	0.396016
-0.0096712	-0.893898	0.398348
-0.00964853	-0.742636	0.321604
-0.00962585	-0.72769	0.178822
-0.00960317	-0.877468	-0.004028
-0.0095805	-1.17671	-0.194722
-0.00955782	-1.5617	-0.360718
-0.00953515	-1.86041	-0.459934
-0.00951247	-1.9256	-0.46216
-0.0094898	-1.90365	-0.362308
-0.00946712	-1.92443	-0.17914
-0.00944444	-1.80857	0.047064
-0.00942177	-1.52555	0.266378
-0.00939909	-1.23638	0.427922
-0.00937642	-0.911494	0.49979
-0.00935374	-0.634622	0.472018
-0.00933107	-0.405344	0.354252
-0.00930839	-0.223448	0.181472
-0.00928571	-0.172144	-0.007632
-0.00926304	-0.327116	-0.182426
-0.00924036	-0.782598	-0.330296
-0.00921769	-1.37556	-0.444458
-0.00919501	-1.81673	-0.496822
-0.00917234	-1.92157	-0.456012
-0.00914966	-1.90164	-0.319166
-0.00912698	-1.90864	-0.11236
-0.00910431	-1.7136	0.122112
-0.00908163	-1.42029	0.331992
-0.00905896	-1.1147	0.470322
-0.00903628	-0.790548	0.511344
-0.00901361	-0.527244	0.451454
-0.00899093	-0.280052	0.310792
-0.00896825	-0.082998	0.130062
-0.00894558	-0.012932	-0.051092
-0.0089229	-0.11024	-0.20405
-0.00890023	-0.462372	-0.31641
-0.00887755	-1.04696	-0.394638
-0.00885488	-1.58629	-0.433434
-0.0088322	-1.86931	-0.406404
-0.00880952	-1.91796	-0.30157
-0.00878685	-1.8921	-0.132606
-0.00876417	-1.72112	0.066568
-0.0087415	-1.48167	0.251962
-0.00871882	-1.23267	0.382766
-0.00869615	-0.961208	0.43195
-0.00867347	-0.744756	0.394638
-0.00865079	-0.643632	0.278462
-0.00862812	-0.704476	0.103986
-0.00860544	-0.940432	-0.097732
-0.00858277	-1.3126	-0.292348
-0.00856009	-1.71837	-0.441066
-0.00853741	-1.91828	-0.503288
-0.00851474	-1.91076	-0.456224
-0.00849206	-1.90917	-0.307824
-0.00846939	-1.90705	-0.095082
-0.00844671	-1.70384	0.142782
-0.00842404	-1.39507	0.353934
-0.00840136	-1.0742	0.488554
-0.00837868	-0.739244	0.52364
-0.00835601	-0.460252	0.456648
-0.00833333	-0.17914	0.311004
-0.00831066	0.064024	0.130274
-0.00828798	0.224508	-0.043248
-0.00826531	0.282278	-0.17755
-0.00824263	0.234154	-0.25387
-0.00821995	0.089994	-0.27083
-0.00819728	-0.132182	-0.239666
-0.0081746	-0.439052	-0.181472
-0.00815193	-0.819274	-0.124126
-0.00812925	-1.13049	-0.082256
-0.00810658	-1.33125	-0.053742
-0.0080839	-1.4451	-0.033496
-0.00806122	-1.48983	-0.016324
-0.00803855	-1.50128	-0.000954
-0.00801587	-1.49789	0.011554
-0.0079932	-1.49015	0.019292
-0.00797052	-1.48464	0.020776
-0.00794785	-1.484	0.016006
-0.00792517	-1.49036	0.00583
-0.00790249	-1.50308	-0.00742
-0.00787982	-1.51962	-0.020246
-0.00785714	-1.53711	-0.030104
-0.00783447	-1.55163	-0.034556
-0.00781179	-1.55958	-0.032542
-0.00778912	-1.55926	-0.024274
-0.00776644	-1.55025	-0.011448
-0.00774376	-1.53541	0.002968
-0.00772109	-1.51665	0.016006
-0.00769841	-1.49863	0.02438
-0.00767574	-1.48527	0.026288
-0.00765306	-1.47976	0.021094
-0.00763039	-1.48368	0.009858
-0.00760771	-1.49598	-0.005088
-0.00758503	-1.51453	-0.020352
-0.00756236	-1.53499	-0.032648
-0.00753968	-1.55269	-0.039008
-0.00751701	-1.56318	-0.037842
-0.00749433	-1.56445	-0.029362
-0.00747166	-1.55544	-0.014946
-0.00744898	-1.53827	0.001908
-0.0074263	-1.51665	0.017596
-0.00740363	-1.49492	0.028514
-0.00738095	-1.47891	0.031694
-0.00735828	-1.47117	0.026818
-0.0073356	-1.47414	0.014734
-0.00731293	-1.48771	-0.002544
-0.00729025	-1.50827	-0.020458
-0.00726757	-1.53202	-0.035616
-0.0072449	-1.55279	-0.044308
-0.00722222	-1.56657	-0.043884
-0.00719955	-1.57018	-0.034874
-0.00717687	-1.56117	-0.01908
-0.0071542	-1.54262	0.000212
-0.00713152	-1.51781	0.018974
-0.00710884	-1.49269	0.032542
-0.00708617	-1.47192	0.037842
-0.00706349	-1.461	0.033496
-0.00704082	-1.46269	0.02067
-0.00701814	-1.47669	0.001272
-0.00699546	-1.50022	-0.020034
-0.00697279	-1.52788	-0.038372
-0.00695011	-1.55354	-0.04982
-0.00692744	-1.57113	-0.051304
-0.00690476	-1.57686	-0.0424
-0.00688209	-1.56869	-0.02491
-0.00685941	-1.54845	-0.002332
-0.00683673	-1.52025	0.019822
-0.00681406	-1.49047	0.036888
-0.00679138	-1.46524	0.044944
-0.00676871	-1.45061	0.041764
-0.00674603	-1.4504	0.027772
-0.00672336	-1.46492	0.005936
-0.00670068	-1.491	-0.018974
-0.006678	-1.52301	-0.041234
-0.00665533	-1.55364	-0.055862
-0.00663265	-1.57601	-0.059572
-0.00660998	-1.58438	-0.050668
-0.0065873	-1.57728	-0.031376
-0.00656463	-1.55576	-0.005724
-0.00654195	-1.52407	0.020564
-0.00651927	-1.49057	0.040386
-0.0064966	-1.46036	0.05088
-0.00647392	-1.44065	0.048972
-0.00645125	-1.43778	0.034556
-0.00642857	-1.45178	0.010388
-0.0064059	-1.4805	-0.018444
-0.00638322	-1.51813	-0.045262
-0.00636054	-1.5547	-0.06413
-0.00633787	-1.58279	-0.070596
-0.00631519	-1.5953	-0.062434
-0.00629252	-1.58979	-0.041552
-0.00626984	-1.56668	-0.012296
-0.00624717	-1.53053	0.018974
-0.00622449	-1.49004	0.044944
-0.00620181	-1.45315	0.059784
-0.00617914	-1.42835	0.05989
-0.00615646	-1.42178	0.044944
-0.00613379	-1.43556	0.017808
-0.00611111	-1.46725	-0.01537
-0.00608844	-1.50955	-0.0477
-0.00606576	-1.55301	-0.071338
-0.00604308	-1.58756	-0.080878
-0.00602041	-1.60537	-0.073988
-0.00599773	-1.6024	-0.05141
-0.00597506	-1.57834	-0.018232
-0.00595238	-1.53827	0.018126
-0.00592971	-1.491	0.049714
-0.00590703	-1.44679	0.069218
-0.00588435	-1.41478	0.072186
-0.00586168	-1.40323	0.057028
-0.005839	-1.41595	0.027454
-0.00581633	-1.45029	-0.010812
-0.00579365	-1.49926	-0.049184
-0.00577098	-1.55067	-0.07897
-0.0057483	-1.5935	-0.093068
-0.00572562	-1.61777	-0.087874
-0.00570295	-1.61714	-0.064024
-0.00568027	-1.59265	-0.0265
-0.0056576	-1.54845	0.016006
-0.00563492	-1.49449	0.054378
-0.00561224	-1.44096	0.079712
-0.00558957	-1.40132	0.086178
-0.00556689	-1.38553	0.071656
-0.00554422	-1.39104	0.03922
-0.00552154	-1.42899	-0.004346
-0.00549887	-1.48538	-0.04982
-0.00547619	-1.5458	-0.086708
-0.00545351	-1.59869	-0.106424
-0.00543084	-1.6307	-0.103774
-0.00540816	-1.6359	-0.079288
-0.00538549	-1.61141	-0.037736
-0.00536281	-1.56265	0.011978
-0.00534014	-1.50001	0.058406
-0.00531746	-1.43651	0.091054
-0.00529478	-1.38902	0.102184
-0.00527211	-1.36199	0.089358
-0.00524943	-1.36464	0.054378
-0.00522676	-1.40196	0.004664
-0.00520408	-1.46736	-0.048866
-0.00518141	-1.53923	-0.09434
-0.00515873	-1.60325	-0.121158
-0.00513605	-1.64565	-0.122748
-0.00511338	-1.65667	-0.09805
-0.0050907	-1.63293	-0.051728
-0.00506803	-1.57993	0.005724
-0.00504535	-1.50817	0.06148
-0.00502268	-1.43429	0.103032
-0.005	-1.37471	0.120628
-0.00497732	-1.33465	0.11024
-0.00495465	-1.33465	0.07314
-0.00493197	-1.371	0.017172
-0.0049093	-1.44202	-0.045792
-0.00488662	-1.52831	-0.101336
-0.00486395	-1.60622	-0.13727
-0.00484127	-1.66166	-0.144584
-0.00481859	-1.68074	-0.12031
-0.00479592	-1.65996	-0.069854
-0.00477324	-1.60325	-0.003816
-0.00475057	-1.52152	0.06307
-0.00472789	-1.43439	0.115434
-0.00470522	-1.35956	0.141722
-0.00468254	-1.3055	0.134938
-0.00465986	-1.29585	0.096566
-0.00463719	-1.33231	0.034238
-0.00461451	-1.40874	-0.039114
-0.00459184	-1.51114	-0.107484
-0.00456916	-1.60643	-0.155184
-0.00454649	-1.67734	-0.17013
-0.00452381	-1.70851	-0.148082
-0.00450113	-1.6925	-0.093598
-0.00447846	-1.63335	-0.01802
-0.00445578	-1.54113	0.061798
-0.00443311	-1.43959	0.127836
-0.00441043	-1.34652	0.164618
-0.00438776	-1.27433	0.164088
-0.00436508	-1.24741	0.126034
-0.0043424	-1.27794	0.057876
-0.00431973	-1.36136	-0.026712
-0.00429705	-1.4804	-0.110134
-0.00427438	-1.59986	-0.172674
-0.0042517	-1.69144	-0.19928
-0.00422902	-1.7402	-0.183062
-0.00420635	-1.73278	-0.125716
-0.00418367	-1.67289	-0.04028
-0.004161	-1.57081	0.054484
-0.00413832	-1.45178	0.137588
-0.00411565	-1.3374	0.18974
-0.00409297	-1.24115	0.19928
-0.00407029	-1.18773	0.163982
-0.00404762	-1.19844	0.091796
-0.00402494	-1.28493	-0.004028
-0.00400227	-1.4239	-0.104622
-0.00397959	-1.57495	-0.187514
-0.00395692	-1.69738	-0.232246
-0.00393424	-1.77243	-0.226734
-0.00391156	-1.78281	-0.171296
-0.00388889	-1.72791	-0.077062
-0.00386621	-1.61851	0.03551
-0.00384354	-1.47997	0.14045
-0.00382086	-1.34037	0.214438
-0.00379819	-1.21094	0.24062
-0.00377551	-1.11883	0.214438
-0.00375283	-1.09318	0.141828
-0.00373016	-1.16091	0.03657
-0.00370748	-1.31631	-0.082998
-0.00368481	-1.51029	-0.192072
-0.00366213	-1.68105	-0.26447
-0.00363946	-1.7967	-0.281006
-0.00361678	-1.84016	-0.235744
-0.0035941	-1.8037	-0.137482
-0.00357143	-1.69462	-0.006996
-0.00354875	-1.53742	0.125928
-0.00352608	-1.36878	0.231398
-0.0035034	-1.20003	0.285776
-0.00348073	-1.05481	0.278886
-0.00345805	-0.974246	0.213802
-0.00343537	-0.996188	0.102608
-0.0034127	-1.1359	-0.034662
-0.00339002	-1.36899	-0.173628
-0.00336735	-1.61215	-0.284928
-0.00334467	-1.79384	-0.338988
-0.003322	-1.89337	-0.319908
-0.00329932	-1.89655	-0.229702
-0.00327664	-1.80497	-0.08533
-0.00325397	-1.63632	0.079712
-0.00323129	-1.43694	0.227794
-0.00320862	-1.22706	0.32648
-0.00318594	-1.01834	0.355206
-0.00316327	-0.859872	0.311852
-0.00314059	-0.807296	0.204898
-0.00311791	-0.889764	0.053636
-0.00309524	-1.11607	-0.11554
-0.00307256	-1.43079	-0.27242
-0.00304989	-1.72345	-0.381918
-0.00302721	-1.89963	-0.41234
-0.00300454	-1.91648	-0.352238
-0.00298186	-1.91892	-0.212
-0.00295918	-1.80295	-0.022154
-0.00293651	-1.56435	0.175642
-0.00291383	-1.32108	0.336232
-0.00289116	-1.04611	0.424636
-0.00286848	-0.792244	0.426014
-0.0028458	-0.627202	0.34291
-0.00282313	-0.608016	0.190588
-0.00280045	-0.764578	-0.003816
-0.00277778	-1.08597	-0.20723
-0.0027551	-1.4981	-0.383614
-0.00273243	-1.83571	-0.490568
-0.00270975	-1.92538	-0.495338
-0.00268707	-1.90079	-0.389126
-0.0026644	-1.92146	-0.200658
-0.00264172	-1.79384	0.030952
-0.00261905	-1.4981	0.262774
-0.00259637	-1.19165	0.438204
-0.0025737	-0.846622	0.522262
-0.00255102	-0.543038	0.50191
-0.00252834	-0.258852	0.388808
-0.00250567	0.022472	0.219632
-0.00248299	0.24115	0.039432
-0.00246032	0.375558	-0.113632
-0.00243764	0.417746	-0.214014
-0.00241497	0.3869	-0.25069
-0.00239229	0.325844	-0.226628
-0.00236961	0.288426	-0.154336
-0.00234694	0.341002	-0.05035
-0.00232426	0.580986	0.071868
-0.00230159	0.967144	0.200552
-0.00227891	1.3903	0.312806
-0.00225624	1.55862	0.376194
-0.00223356	1.53605	0.364958
-0.00221088	1.54866	0.27401
-0.00218821	1.53774	0.11978
-0.00216553	1.55947	-0.06413
-0.00214286	1.44234	-0.237122
-0.00212018	1.18858	-0.359764
-0.00209751	0.957604	-0.406722
-0.00207483	0.754932	-0.372378
-0.00205215	0.664726	-0.264364
-0.00202948	0.731612	-0.102078
-0.0020068	0.94658	0.086178
-0.00198413	1.31832	0.26765
-0.00196145	1.55629	0.404708
-0.00193878	1.54368	0.459192
-0.0019161	1.54675	0.41234
-0.00189342	1.54177	0.271042
-0.00187075	1.544	0.064766
-0.00184807	1.54601	-0.160696
-0.0018254	1.33072	-0.35404
-0.00180272	1.01219	-0.472548
-0.00178005	0.714758	-0.495338
-0.00175737	0.488448	-0.421668
-0.00173469	0.349694	-0.268922
-0.00171202	0.344394	-0.072822
-0.00168934	0.593176	0.134726
-0.00166667	1.0989	0.332416
-0.00164399	1.51909	0.484102
-0.00162132	1.55025	0.546748
-0.00159864	1.53668	0.491946
-0.00157596	1.54103	0.332416
-0.00155329	1.52757	0.11713
-0.00153061	1.5458	-0.132924
-0.00150794	1.3603	-0.364004
-0.00148526	0.995446	-0.516008
-0.00146259	0.651158	-0.564662
-0.00143991	0.333582	-0.503712
-0.00141723	0.004134	-0.358492
-0.00139456	-0.327116	-0.175006
-0.00137188	-0.61798	-0.001908
-0.00134921	-0.79235	0.12667
-0.00132653	-0.832842	0.197902
-0.00130385	-0.830934	0.20988
-0.00128118	-0.844608	0.166314
-0.0012585	-0.923048	0.078652
-0.00123583	-1.08714	-0.035404
-0.00121315	-1.32468	-0.154124
-0.00119048	-1.56488	-0.251856
-0.0011678	-1.74169	-0.301358
-0.00114512	-1.83952	-0.286412
-0.00112245	-1.84853	-0.208184
-0.00109977	-1.77274	-0.082044
-0.0010771	-1.62731	0.063706
-0.00105442	-1.44987	0.196418
-0.00103175	-1.26649	0.286624
-0.00100907	-1.08756	0.314714
-0.000986395	-0.953046	0.277508
-0.000963719	-0.909056	0.182956
-0.000941043	-0.986224	0.048018
-0.000918367	-1.18826	-0.103032
-0.000895692	-1.46185	-0.243376
-0.000873016	-1.70745	-0.339518
-0.00085034	-1.86793	-0.364852
-0.000827664	-1.9239	-0.31005
-0.000804989	-1.89464	-0.184334
-0.000782313	-1.75663	-0.015582
-0.000759637	-1.55343	0.159
-0.000736961	-1.33465	0.299874
-0.000714286	-1.09943	0.375876
-0.00069161	-0.883934	0.373756
-0.000668934	-0.749632	0.296588
-0.000646259	-0.747512	0.159212
-0.000623583	-0.89729	-0.015158
-0.000600907	-1.19335	-0.195676
-0.000578231	-1.54336	-0.349164
-0.000555556	-1.82935	-0.43725
-0.00053288	-1.92146	-0.432162
-0.000510204	-1.91107	-0.33125
-0.000487528	-1.9097	-0.153912
-0.000464853	-1.73066	0.060844
-0.000442177	-1.46524	0.264788
-0.000419501	-1.19038	0.411598
-0.000396825	-0.884994	0.472018
-0.00037415	-0.634834	0.438204
-0.000351474	-0.473184	0.318848
-0.000328798	-0.4081	0.14257
-0.000306122	-0.563496	-0.057664
-0.000283447	-0.96407	-0.257686
-0.000260771	-1.4558	-0.427604
-0.000238095	-1.83857	-0.524912
-0.00021542	-1.92432	-0.516008
-0.000192744	-1.89846	-0.393472
-0.000170068	-1.91977	-0.199068
-0.000147392	-1.78928	0.034768
-0.000124717	-1.48856	0.271678
-0.000102041	-1.17395	0.449122
-7.93651e-05	-0.821818	0.532226
-5.66893e-05	-0.508694	0.51039
-3.40136e-05	-0.194616	0.395486
-1.13379e-05	0.131334	0.226946
1.13379e-05	0.430042	0.051728
3.40136e-05	0.667482	-0.089146
5.66893e-05	0.769136	-0.175324
7.93651e-05	0.79606	-0.203626
0.000102041	0.820864	-0.175748
0.000124717	0.892732	-0.102078
0.000147392	1.04103	0.001908
0.000170068	1.26288	0.115858
0.000192744	1.49121	0.215286
0.00021542	1.55703	0.273162
0.000238095	1.54484	0.27189
0.000260771	1.5529	0.209032
0.000283447	1.5458	0.09699
0.000306122	1.56233	-0.040068
0.000328798	1.46577	-0.171296
0.000351474	1.2737	-0.26712
0.00037415	1.11629	-0.305916
0.000396825	0.980076	-0.281536
0.000419501	0.926122	-0.200446
0.000442177	0.9858	-0.077168
0.000464853	1.15985	0.066462
0.000487528	1.4222	0.203944
0.000510204	1.56043	0.303584
0.00053288	1.54675	0.337928
0.000555556	1.55248	0.296482
0.000578231	1.5458	0.18603
0.000600907	1.55555	0.03021
0.000623583	1.53605	-0.136422
0.000646259	1.34207	-0.275918
0.000668934	1.1201	-0.356902
0.00069161	0.924956	-0.364428
0.000714286	0.785142	-0.299662
0.000736961	0.777404	-0.174688
0.000759637	0.90418	-0.011978
0.000782313	1.18063	0.16059
0.000804989	1.49174	0.31005
0.000827664	1.56096	0.399302
0.00085034	1.54113	0.402482
0.000873016	1.55184	0.313972
0.000895692	1.53891	0.151792
0.000918367	1.56339	-0.048972
0.000941043	1.46704	-0.243376
0.000963719	1.19303	-0.386794
0.000986395	0.923154	-0.449864
0.00100907	0.684124	-0.423894
0.00103175	0.555758	-0.315138
0.00105442	0.601762	-0.142994
0.0010771	0.80878	0.06201
0.00109977	1.20342	0.264894
0.00112245	1.53382	0.426544
0.00114512	1.54961	0.504242
0.0011678	1.54039	0.4717
0.00119048	1.54283	0.331568
0.00121315	1.53159	0.120734
0.00123583	1.5511	-0.124232
0.0012585	1.37546	-0.349588
0.00128118	1.02513	-0.499896
0.00130385	0.692604	-0.549716
0.00132653	0.401528	-0.492476
0.00134921	0.128048	-0.348634
0.00137188	-0.123384	-0.162286
0.00139456	-0.277932	0.022472
0.00141723	-0.310898	0.171296
0.00143991	-0.197584	0.26553
0.00146259	0.06837	0.303902
0.00148526	0.536042	0.302418
0.00150794	1.07919	0.283232
0.00153061	1.45496	0.246662
0.00155329	1.55004	0.179988
0.00157596	1.54039	0.082468
0.00159864	1.54241	-0.03127
0.00162132	1.42877	-0.138224
0.00164399	1.28758	-0.21571
0.00166667	1.17172	-0.246344
0.00168934	1.08364	-0.224508
0.00171202	1.06021	-0.155396
0.00173469	1.12689	-0.052152
0.00175737	1.27688	0.066038
0.00178005	1.46948	0.175218
0.00180272	1.56053	0.248994
0.0018254	1.54887	0.267862
0.00184807	1.55491	0.22578
0.00187075	1.54739	0.130592
0.00189342	1.5618	0.002862
0.0019161	1.50753	-0.129002
0.00193878	1.32648	-0.234684
0.00196145	1.16621	-0.290652
0.00198413	1.02746	-0.28567
0.0020068	0.946792	-0.2226
0.00202948	0.973186	-0.113632
0.00205215	1.10834	0.021942
0.00207483	1.34673	0.159848
0.00209751	1.54007	0.26977
0.00212018	1.55375	0.323194
0.00214286	1.54877	0.304644
0.00216553	1.55057	0.21571
0.00218821	1.54855	0.075154
0.00221088	1.55534	-0.086178
0.00223356	1.40206	-0.231822
0.00225624	1.18169	-0.3286
0.00227891	0.991948	-0.356796
0.00230159	0.834962	-0.313124
0.00232426	0.79023	-0.20723
0.00234694	0.878846	-0.05777
0.00236961	1.10399	0.109286
0.00239229	1.4239	0.262986
0.00241497	1.56339	0.368456
0.00243764	1.54188	0.395062
0.00246032	1.55195	0.333052
0.00248299	1.54071	0.193238
0.00250567	1.55799	0.00583
0.00252834	1.51145	-0.187408
0.00255102	1.26765	-0.342274
0.0025737	1.00456	-0.425378
0.00259637	0.76532	-0.422622
0.00261905	0.606956	-0.337292
0.00264172	0.608758	-0.185076
0.0026644	0.769136	0.007314
0.00268707	1.10558	0.207018
0.00270975	1.48241	0.377148
0.00273243	1.56053	0.475304
0.0027551	1.537	0.471382
0.00277778	1.54781	0.360506
0.00280045	1.53053	0.166208
0.00282313	1.5564	-0.071974
0.0028458	1.43068	-0.300404
0.00286848	1.10473	-0.464492
0.00289116	0.777086	-0.533922
0.00291383	0.485692	-0.498518
0.00293651	0.241892	-0.370788
0.00295918	0.03286	-0.189104
0.00298186	-0.054166	0.00424
0.00300454	0.053424	0.176914
0.00302721	0.421774	0.313548
0.00304989	1.0635	0.415944
0.00307256	1.52004	0.470852
0.00309524	1.54272	0.446366
0.00311791	1.54018	0.331038
0.00314059	1.53393	0.141616
0.00316327	1.55226	-0.081302
0.00318594	1.41203	-0.290334
0.00320862	1.10198	-0.438522
0.00323129	0.804752	-0.495232
0.00325397	0.547702	-0.454846
0.00327664	0.388172	-0.326692
0.00329932	0.328706	-0.141828
0.003322	0.496822	0.06519
0.00334467	0.930362	0.2703
0.00336735	1.43058	0.44255
0.00339002	1.56477	0.537632
0.0034127	1.53149	0.521944
0.00343537	1.54612	0.389974
0.00345805	1.52513	0.18868
0.00348073	1.54908	-0.053318
0.0035034	1.44001	-0.298602
0.00352608	1.09954	-0.478802
0.00354875	0.743272	-0.561376
0.00357143	0.420396	-0.534134
0.0035941	0.09858	-0.410432
0.00361678	-0.237122	-0.23373
0.00363946	-0.544522	-0.052576
0.00366213	-0.765002	0.092326
0.00368481	-0.838778	0.18179
0.00370748	-0.84217	0.21253
0.00373016	-0.845244	0.185182
0.00375283	-0.899728	0.109604
0.00377551	-1.03689	0.00159
0.00379819	-1.25674	-0.118614
0.00382086	-1.50679	-0.225992
0.00384354	-1.70671	-0.292666
0.00386621	-1.83051	-0.29892
0.00388889	-1.86804	-0.239348
0.00391156	-1.81684	-0.125398
0.00393424	-1.69028	0.017914
0.00395692	-1.51781	0.158788
0.00397959	-1.3356	0.264894
0.00400227	-1.15233	0.313442
0.00402494	-0.998096	0.296164
0.00404762	-0.921564	0.21783
0.00407029	-0.959194	0.093174
0.00409297	-1.12349	-0.055968
0.00411565	-1.3868	-0.203202
0.00413832	-1.64904	-0.316834
0.004161	-1.84281	-0.366336
0.00418367	-1.91849	-0.33602
0.00420635	-1.91818	-0.230338
0.00422902	-1.82596	-0.07102
0.0042517	-1.63007	0.106424
0.00427438	-1.41669	0.262032
0.00429705	-1.1837	0.360718
0.00431973	-0.95559	0.383508
0.0043424	-0.788534	0.329024
0.00436508	-0.741364	0.207972
0.00438776	-0.842488	0.041658
0.00441043	-1.09827	-0.140662
0.00443311	-1.44616	-0.306976
0.00445578	-1.76713	-0.419548
0.00447846	-1.91913	-0.445518
0.00450113	-1.90842	-0.373544
0.00452381	-1.92295	-0.21624
0.00454649	-1.81907	-0.007738
0.00456916	-1.55862	0.205534
0.00459184	-1.29203	0.374816
0.00461451	-0.989722	0.464068
0.00463719	-0.71285	0.459616
0.00465986	-0.523004	0.365064
0.00468254	-0.416262	0.202884
0.00470522	-0.480922	0.007208
0.00472789	-0.813974	-0.194616
0.00475057	-1.29702	-0.378102
0.00477324	-1.74921	-0.5035
0.00479592	-1.9256	-0.532544
0.00481859	-1.90122	-0.444882
0.00484127	-1.91542	-0.26871
0.00486395	-1.86761	-0.045792
0.00488662	-1.60484	0.196948
0.0049093	-1.29193	0.399832
0.00493197	-0.949548	0.517174
0.00495465	-0.616708	0.530848
0.00497732	-0.312912	0.443398
0.005	0.016748	0.287154
0.00502268	0.324572	0.10918
0.00504535	0.592752	-0.046534
0.00506803	0.739774	-0.151792
0.0050907	0.780054	-0.199068
0.00511338	0.800618	-0.189316
0.00513605	0.850332	-0.129532
0.00515873	0.973928	-0.033602
0.00518141	1.17141	0.079606
0.00520408	1.41743	0.186984
0.00522676	1.55226	0.26129
0.00524943	1.5459	0.280688
0.00527211	1.55205	0.237758
0.00529478	1.54569	0.139708
0.00531746	1.56021	0.007844
0.00534014	1.50955	-0.129108
0.00536281	1.32458	-0.23956
0.00538549	1.15699	-0.298708
0.00540816	1.01018	-0.295104
0.00543084	0.921776	-0.231398
0.00545351	0.943718	-0.120098
0.00547619	1.07887	0.019504
0.00549887	1.32489	0.16218
0.00552154	1.53499	0.277826
0.00554422	1.55481	0.336232
0.00556689	1.54781	0.319908
0.00558957	1.55078	0.230656
0.00561224	1.54696	0.086496
0.00563492	1.55788	-0.080772
0.0056576	1.40916	-0.233094
0.00568027	1.17904	-0.336338
0.00570295	0.978274	-0.36888
0.00572562	0.809522	-0.327328
0.0057483	0.753978	-0.220268
0.00577098	0.837824	-0.067098
0.00579365	1.06127	0.105364
0.00581633	1.3974	0.26659
0.005839	1.56276	0.379798
0.00586168	1.54198	0.413294
0.00588435	1.55099	0.35457
0.00590703	1.54113	0.213484
0.00592971	1.55587	0.02067
0.00595238	1.52089	-0.180942
0.00597506	1.27857	-0.34556
0.00599773	1.00043	-0.437462
0.00602041	0.746664	-0.440642
0.00604308	0.57081	-0.358068
0.00606576	0.557666	-0.20405
0.00608844	0.71179	-0.006148
0.00611111	1.04548	0.201506
0.00613379	1.45379	0.381812
0.00615646	1.56392	0.491522
0.00617914	1.5352	0.496928
0.00620181	1.54802	0.38955
0.00622449	1.52905	0.198114
0.00624717	1.55301	-0.04028
0.00626984	1.45782	-0.279522
0.00629252	1.13388	-0.458768
0.00631519	0.789594	-0.543568
0.00633787	0.483042	-0.521732
0.00636054	0.20829	-0.403436
0.00638322	-0.060738	-0.226098
0.0064059	-0.252174	-0.036676
0.00642857	-0.330932	0.126882
0.00645125	-0.269876	0.239878
0.00647392	-0.065084	0.295422
0.0064966	0.324254	0.303054
0.00651927	0.864324	0.28673
0.00654195	1.32309	0.257156
0.00656463	1.5334	0.203096
0.0065873	1.5423	0.118084
0.00660998	1.54739	0.011342
0.00663265	1.46905	-0.098156
0.00665533	1.3268	-0.186666
0.006678	1.20882	-0.234472
0.00670068	1.11088	-0.231716
0.00672336	1.06413	-0.179988
0.00674603	1.09742	-0.089782
0.00676871	1.21709	0.022472
0.00679138	1.39623	0.135256
0.00681406	1.54198	0.221328
0.00683673	1.5547	0.259806
0.00685941	1.55205	0.239666
0.00688209	1.55067	0.16377
0.00690476	1.55608	0.048124
0.00692744	1.5388	-0.08162
0.00695011	1.38235	-0.196312
0.00697279	1.2154	-0.26924
0.00699546	1.0759	-0.285246
0.00701814	0.973292	-0.24274
0.00704082	0.962586	-0.150308
0.00706349	1.05968	-0.025122
0.00708617	1.25981	0.110982
0.00710884	1.48898	0.230126
0.00713152	1.56117	0.302736
0.0071542	1.54601	0.308672
0.00717687	1.55375	0.244012
0.00719955	1.54474	0.121688
0.00722222	1.56265	-0.031482
0.0072449	1.46057	-0.181366
0.00726757	1.24539	-0.29362
0.00729025	1.0583	-0.34397
0.00731293	0.88987	-0.324148
0.0073356	0.807508	-0.239772
0.00735828	0.853618	-0.105788
0.00738095	1.02756	0.05353
0.00740363	1.3267	0.210304
0.0074263	1.54601	0.33125
0.00744898	1.5493	0.382978
0.00747166	1.54834	0.349694
0.00749433	1.54612	0.23585
0.00751701	1.5493	0.064978
0.00753968	1.54474	-0.124762
0.00756236	1.34588	-0.290546
0.00758503	1.08608	-0.394744
0.00760771	0.849802	-0.41817
0.00763039	0.66409	-0.359446
0.00765306	0.616496	-0.22949
0.00767574	0.72822	-0.051834
0.00769841	0.998838	0.142888
0.00772109	1.39083	0.320332
0.00774376	1.56467	0.440218
0.00776644	1.53774	0.46746
0.00778912	1.54961	0.389868
0.00781179	1.53393	0.221646
0.00783447	1.55438	-0.001378
0.00785714	1.49386	-0.229278
0.00787982	1.20692	-0.409902
0.00790249	0.885842	-0.504984
0.00792517	0.58936	-0.499684
0.00794785	0.37206	-0.39856
0.00797052	0.212106	-0.228854
0.0079932	0.192178	-0.029892
0.00801587	0.426226	0.167268
0.00803855	0.953894	0.346938
0.00806122	1.47033	0.483678
0.0080839	1.55576	0.537314
0.00810658	1.53382	0.478272
0.00812925	1.54007	0.317258
0.00815193	1.52916	0.098686
0.0081746	1.53679	-0.15105
0.00819728	1.31143	-0.375982
0.00821995	0.949972	-0.520354
0.00824263	0.61215	-0.560952
0.00826531	0.302312	-0.493324
0.00828798	-0.015158	-0.343758
0.00831066	-0.321816	-0.158894
0.00833333	-0.57558	0.014946
0.00835601	-0.738078	0.142252
0.00837868	-0.780266	0.208184
0.00840136	-0.783128	0.212318
0.00842404	-0.811324	0.159318
0.00844671	-0.910116	0.062434
0.00846939	-1.09837	-0.058618
0.00849206	-1.35945	-0.181366
0.00851474	-1.61438	-0.278356
0.00853741	-1.79331	-0.321604
0.00856009	-1.88627	-0.296482
0.00858277	-1.88394	-0.205958
0.00860544	-1.79384	-0.068264
0.00862812	-1.63293	0.085966
0.00865079	-1.44436	0.221964
0.00867347	-1.24974	0.309096
0.00869615	-1.05958	0.32966
0.00871882	-0.923048	0.282278
0.0087415	-0.88934	0.176596
0.00876417	-0.98315	0.031376
0.00878685	-1.2102	-0.128154
0.00880952	-1.5035	-0.272526
0.0088322	-1.76373	-0.367184
0.00885488	-1.90736	-0.385098
0.00887755	-1.91849	-0.318742
0.00890023	-1.91404	-0.180094
0.0089229	-1.77932	0.00106
0.00894558	-1.55375	0.184016
0.00896825	-1.32447	0.327222
0.00899093	-1.06943	0.39962
0.00901361	-0.843654	0.389762
0.00903628	-0.708928	0.302312
0.00905896	-0.71709	0.152216
0.00908163	-0.88987	-0.033708
0.00910431	-1.20893	-0.223342
0.00912698	-1.59064	-0.381282
0.00914966	-1.87111	-0.46799
0.00917234	-1.92242	-0.455058
0.00919501	-1.90588	-0.341108
0.00921769	-1.91765	-0.14893
0.00924036	-1.74826	0.079182
0.00926304	-1.46142	0.292666
0.00928571	-1.16823	0.442762
0.00930839	-0.843018	0.499684
0.00933107	-0.57823	0.457602
0.00935374	-0.35245	0.329766
0.00937642	-0.187196	0.152004
0.00939909	-0.161226	-0.036782
0.00942177	-0.361672	-0.20829
0.00944444	-0.859554	-0.352556
0.00946712	-1.44255	-0.460358
0.0094898	-1.8427	-0.499896
0.00951247	-1.91595	-0.443504
0.00953515	-1.90747	-0.292348
0.00955782	-1.88298	-0.077698
0.0095805	-1.64332	0.15635
0.00960317	-1.35277	0.35987
0.00962585	-1.0352	0.484738
0.00964853	-0.718998	0.509648
0.0096712	-0.45951	0.435236
0.00969388	-0.211576	0.285246
0.00971655	-0.02438	0.10229
0.00973923	0.035086	-0.07526
0.0097619	-0.07685	-0.220056
0.00978458	-0.43619	-0.32277
0.00980726	-1.02343	-0.390292
0.00982993	-1.55184	-0.420714
0.00985261	-1.83528	-0.388278
0.00987528	-1.91383	-0.28196
0.00989796	-1.84811	-0.116494
0.00992063	-1.67088	0.075896
0.00994331	-1.44648	0.251962
0.00996599	-1.20215	0.373332
0.00998866	-0.947852	0.41552
0.0100113	-0.746134	0.373756
0.010034	-0.662394	0.25705
0.0100567	-0.734474	0.085966
0.0100794	-0.973292	-0.10812
0.010102	-1.33857	-0.294044
0.0101247	-1.71614	-0.432056
0.0101474	-1.91478	-0.483784
0.0101701	-1.90948	-0.43036
0.0101927	-1.91595	-0.279628
0.0102154	-1.88065	-0.064872
0.0102381	-1.63611	0.168116
0.0102608	-1.34334	0.366548
0.0102834	-1.0264	0.486116
0.0103061	-0.710624	0.506786
0.0103288	-0.45474	0.428664
0.0103515	-0.21412	0.276872
0.0103741	-0.042612	0.092644
0.0103968	-0.01166	-0.08586
0.0104195	-0.168116	-0.233094
0.0104422	-0.60685	-0.34185
0.0104649	-1.21126	-0.416898
0.0104875	-1.68741	-0.443928
0.0105102	-1.89284	-0.395804
0.0105329	-1.91818	-0.267968
0.0105556	-1.8462	-0.081726
0.0105782	-1.63198	0.123914
0.0106009	-1.38945	0.303584
0.0106236	-1.11968	0.417004
0.0106463	-0.844714	0.443504
0.0106689	-0.64819	0.381706
0.0106916	-0.569008	0.244118
0.0107143	-0.6625	0.056498
0.010737	-0.950608	-0.150308
0.0107596	-1.3604	-0.34185
0.0107823	-1.76172	-0.476682
0.010805	-1.92464	-0.516538
0.0108277	-1.90408	-0.442232
0.0108503	-1.91563	-0.273586
0.010873	-1.87419	-0.052682
0.0108957	-1.61851	0.18709
0.0109184	-1.30952	0.389974
0.010941	-0.971808	0.509118
0.0109637	-0.640982	0.525442
0.0109864	-0.35086	0.441384
0.0110091	-0.043354	0.28673
0.0110317	0.22684	0.106954
0.0110544	0.43937	-0.055438
0.0110771	0.581092	-0.168434
0.0110998	0.636848	-0.217194
0.0111224	0.666422	-0.202778
0.0111451	0.733414	-0.13409
0.0111678	0.878952	-0.0265
0.0111905	1.10685	0.098262
0.0112132	1.39708	0.215922
0.0112358	1.55237	0.296694
0.0112585	1.54294	0.315668
0.0112812	1.55089	0.265424
0.0113039	1.54336	0.153806
0.0113265	1.55968	0.004876
0.0113492	1.50626	-0.148506
0.0113719	1.30179	-0.27136
0.0113946	1.10834	-0.336126
0.0114172	0.934708	-0.331144
0.0114399	0.827648	-0.259912
0.0114626	0.846304	-0.135574
0.0114853	0.990888	0.020034
0.0115079	1.27041	0.179564
0.0115306	1.52587	0.310686
0.0115533	1.55555	0.379056
0.011576	1.54516	0.364534
0.0115986	1.55036	0.266802
0.0116213	1.54336	0.105788
0.011644	1.56021	-0.08268
0.0116667	1.41234	-0.256414
0.0116893	1.15021	-0.37577
0.011712	0.911918	-0.41711
0.0117347	0.708186	-0.375346
0.0117574	0.627096	-0.259488
0.01178	0.706278	-0.090206
0.0118027	0.938524	0.103032
0.0118254	1.32447	0.286412
0.0118481	1.5582	0.421774
0.0118707	1.54188	0.47011
0.0118934	1.54718	0.414884
0.0119161	1.53848	0.264046
0.0119388	1.54569	0.04982
0.0119615	1.53265	-0.18073
0.0119841	1.28907	-0.37471
0.0120068	0.964388	-0.489296
0.0120295	0.66144	-0.50562
0.0120522	0.427816	-0.424106
0.0120748	0.261502	-0.265636
0.0120975	0.209032	-0.06943
0.0121202	0.399196	0.131228
0.0121429	0.883934	0.317894
0.0121655	1.42941	0.46746
0.0121882	1.56202	0.539328
0.0122109	1.53128	0.500638
0.0122336	1.544	0.353298
0.0122562	1.52523	0.142888
0.0122789	1.54739	-0.104516
0.0123016	1.38023	-0.339942
0.0123243	1.02385	-0.501168
0.0123469	0.67893	-0.561694
0.0123696	0.36411	-0.512192
0.0123923	0.046428	-0.374074
0.012415	-0.272102	-0.192496
0.0124376	-0.546006	-0.013992
0.0124603	-0.733838	0.122324
0.012483	-0.79076	0.199598
0.0125057	-0.793834	0.215392
0.0125283	-0.8109	0.17331
0.012551	-0.890294	0.085224
0.0125737	-1.05767	-0.031376
0.0125964	-1.3038	-0.154124
0.012619	-1.56127	-0.256944
0.0126417	-1.75207	-0.31164
0.0126644	-1.8603	-0.300298
0.0126871	-1.87662	-0.222812
0.0127098	-1.80285	-0.094446
0.0127324	-1.65561	0.056498
0.0127551	-1.47192	0.196736
0.0127778	-1.28239	0.292984
0.0128005	-1.09413	0.325102
0.0128231	-0.946368	0.291076
0.0128458	-0.891672	0.196948
0.0128685	-0.960042	0.059572
0.0128912	-1.16049	-0.096672
0.0129138	-1.44499	-0.243906
0.0129365	-1.70936	-0.348952
0.0129592	-1.88362	-0.381918
0.0129819	-1.92072	-0.33178
0.0130045	-1.91521	-0.2067
0.0130272	-1.80189	-0.033602
0.0130499	-1.58587	0.149142
0.0130726	-1.36348	0.29998
0.0130952	-1.11607	0.385628
0.0131179	-0.885206	0.390716
0.0131406	-0.732884	0.317576
0.0131633	-0.71444	0.179564
0.0131859	-0.854254	0.000742
0.0132086	-1.14766	-0.187514
0.0132313	-1.51803	-0.351284
0.013254	-1.82744	-0.451454
0.0132766	-1.92485	-0.456966
0.0132993	-1.90514	-0.361672
0.013322	-1.92157	-0.18391
0.0133447	-1.78144	0.037948
0.0133673	-1.50361	0.254082
0.01339	-1.22197	0.41499
0.0134127	-0.901636	0.48813
0.0134354	-0.630806	0.463114
0.013458	-0.418276	0.349376
0.0134807	-0.27189	0.177232
0.0135034	-0.268286	-0.015476
0.0135261	-0.527562	-0.199916
0.0135488	-1.04495	-0.36411
0.0135714	-1.58682	-0.484632
0.0135941	-1.89655	-0.523746
0.0136168	-1.90906	-0.454846
0.0136395	-1.90948	-0.290652
0.0136621	-1.88076	-0.071868
0.0136848	-1.63208	0.168646
0.0137075	-1.32723	0.375452
0.0137302	-0.994492	0.501168
0.0137528	-0.662288	0.525124
0.0137755	-0.373756	0.447108
0.0137982	-0.069006	0.296058
0.0138209	0.202036	0.116282
0.0138435	0.411704	-0.048866
0.0138662	0.554062	-0.166738
0.0138889	0.61586	-0.220374
0.0139116	0.645964	-0.209668
0.0139342	0.710412	-0.142994
0.0139569	0.852982	-0.036146
0.0139796	1.07844	0.089994
