-0.0140023	-0.910328	0.058618
-0.0139796	-0.776662	0.123596
-0.0139569	-0.635682	0.167798
-0.0139342	-0.518446	0.181154
-0.0139116	-0.412128	0.16165
-0.0138889	-0.315986	0.117236
-0.0138662	-0.270194	0.057876
-0.0138435	-0.298178	-0.008798
-0.0138209	-0.435554	-0.077592
-0.0137982	-0.682322	-0.147446
-0.0137755	-0.930362	-0.208926
-0.0137528	-1.13293	-0.243588
-0.0137302	-1.26331	-0.238394
-0.0137075	-1.29214	-0.186772
-0.0136848	-1.23532	-0.094022
-0.0136621	-1.10632	0.022048
-0.0136395	-0.905982	0.139178
-0.0136168	-0.668754	0.237016
-0.0135941	-0.42506	0.29521
-0.0135714	-0.115752	0.309308
-0.0135488	0.286624	0.292984
-0.0135261	0.742106	0.265212
-0.0135034	1.06996	0.229808
-0.0134807	1.21571	0.172356
-0.013458	1.2331	0.089252
-0.0134354	1.14279	-0.012084
-0.0134127	0.98262	-0.116388
-0.01339	0.776026	-0.205428
-0.0133673	0.57664	-0.261714
-0.0133447	0.367078	-0.274222
-0.013322	0.097096	-0.251856
-0.0132993	-0.196418	-0.209562
-0.0132766	-0.515478	-0.1643
-0.013254	-0.774966	-0.126352
-0.0132313	-0.89994	-0.089146
-0.0132086	-0.938842	-0.046746
-0.0131859	-0.914674	-0.000106
-0.0131633	-0.851922	0.04558
-0.0131406	-0.770196	0.082892
-0.0131179	-0.688364	0.105046
-0.0130952	-0.626566	0.106742
-0.0130726	-0.598476	0.086602
-0.0130499	-0.613316	0.04664
-0.0130272	-0.672994	-0.006572
-0.0130045	-0.770196	-0.064342
-0.0129819	-0.889446	-0.115752
-0.0129592	-1.01007	-0.150308
-0.0129365	-1.10865	-0.160166
-0.0129138	-1.1625	-0.141086
-0.0128912	-1.15847	-0.094552
-0.0128685	-1.09487	-0.026712
-0.0128458	-0.97785	0.050244
-0.0128231	-0.824892	0.122854
-0.0128005	-0.661334	0.17649
-0.0127778	-0.51993	0.199174
-0.0127551	-0.38425	0.18709
-0.0127324	-0.243376	0.147976
-0.0127098	-0.131016	0.093174
-0.0126871	-0.067522	0.033072
-0.0126644	-0.072186	-0.025122
-0.0126417	-0.156562	-0.07738
-0.012619	-0.335702	-0.123278
-0.0125964	-0.620948	-0.167056
-0.0125737	-0.898456	-0.205958
-0.012551	-1.09657	-0.222706
-0.0125283	-1.21582	-0.205852
-0.0125057	-1.23734	-0.150626
-0.012483	-1.17596	-0.061904
-0.0124603	-1.04527	0.042188
-0.0124376	-0.85542	0.144054
-0.012415	-0.64077	0.225038
-0.0123923	-0.431632	0.26765
-0.0123696	-0.170978	0.269982
-0.0123469	0.14522	0.244118
-0.0123243	0.510814	0.207018
-0.0123016	0.847152	0.172992
-0.0122789	1.03223	0.135362
-0.0122562	1.10208	0.085224
-0.0122336	1.08682	0.023108
-0.0122109	1.00817	-0.044308
-0.0121882	0.891672	-0.106318
-0.0121655	0.762034	-0.152216
-0.0121429	0.647872	-0.172144
-0.0121202	0.57293	-0.16006
-0.0120975	0.530212	-0.118296
-0.0120748	0.545052	-0.055014
-0.0120522	0.65879	0.022684
-0.0120295	0.829556	0.10547
-0.0120068	1.01728	0.176278
-0.0119841	1.19727	0.220056
-0.0119615	1.32277	0.22472
-0.0119388	1.36072	0.183698
-0.0119161	1.31673	0.101336
-0.0118934	1.20268	-0.00795
-0.0118707	1.02248	-0.122112
-0.0118481	0.791714	-0.221434
-0.0118254	0.566676	-0.28567
-0.0118027	0.311746	-0.303796
-0.01178	-0.017596	-0.28567
-0.0117574	-0.405238	-0.249206
-0.0117347	-0.778252	-0.21041
-0.011712	-0.989722	-0.165678
-0.0116893	-1.06424	-0.105364
-0.0116667	-1.04028	-0.030528
-0.011644	-0.94022	0.050668
-0.0116213	-0.797332	0.124762
-0.0115986	-0.639816	0.17914
-0.011576	-0.502546	0.201506
-0.0115533	-0.364958	0.18868
-0.0115306	-0.22101	0.149354
-0.0115079	-0.104092	0.094658
-0.0114853	-0.034344	0.03551
-0.0114626	-0.026288	-0.020458
-0.0114399	-0.094234	-0.069748
-0.0114172	-0.241468	-0.111512
-0.0113946	-0.493854	-0.148718
-0.0113719	-0.789276	-0.18497
-0.0113492	-1.0123	-0.208078
-0.0113265	-1.159	-0.202672
-0.0113039	-1.21773	-0.163558
-0.0112812	-1.19027	-0.09116
-0.0112585	-1.0901	0.00265
-0.0112358	-0.92803	0.101548
-0.0112132	-0.727266	0.187196
-0.0111905	-0.53	0.242528
-0.0111678	-0.320544	0.257262
-0.0111451	-0.055332	0.238076
-0.0111224	0.238076	0.200234
-0.0110998	0.562754	0.159318
-0.0110771	0.837082	0.126352
-0.0110544	0.977638	0.093598
-0.0110317	1.03032	0.053848
-0.0110091	1.01728	0.008056
-0.0109864	0.95983	-0.040068
-0.0109637	0.87768	-0.08215
-0.010941	0.788852	-0.111088
-0.0109184	0.714864	-0.12084
-0.0108957	0.671086	-0.107802
-0.010873	0.669602	-0.073034
-0.0108503	0.715182	-0.021942
-0.0108277	0.803268	0.037418
-0.010805	0.921246	0.09434
-0.0107823	1.04823	0.137588
-0.0107596	1.16134	0.157728
-0.010737	1.23564	0.148718
-0.0107143	1.25112	0.109922
-0.0106916	1.20702	0.045898
-0.0106689	1.10463	-0.032118
-0.0106463	0.957922	-0.110664
-0.0106236	0.78917	-0.174264
-0.0106009	0.633986	-0.20988
-0.0105782	0.504772	-0.20882
-0.0105556	0.368562	-0.1749
-0.0105329	0.253234	-0.119886
-0.0105102	0.191224	-0.055014
-0.0104875	0.207654	0.011766
-0.0104649	0.319272	0.075578
-0.0104422	0.55915	0.136846
-0.0104195	0.866338	0.19504
-0.0103968	1.11862	0.236486
-0.0103741	1.29468	0.243058
-0.0103515	1.3638	0.204898
-0.0103288	1.33327	0.122536
-0.0103061	1.22663	0.009646
-0.0102834	1.04929	-0.112042
-0.0102608	0.81355	-0.21995
-0.0102381	0.576746	-0.293832
-0.0102154	0.307506	-0.32012
-0.0101927	-0.04717	-0.307506
-0.0101701	-0.475516	-0.2756
-0.0101474	-0.863582	-0.238288
-0.0101247	-1.06784	-0.188362
-0.010102	-1.13049	-0.116388
-0.0100794	-1.08173	-0.026076
-0.0100567	-0.951138	0.071232
-0.010034	-0.770514	0.15953
-0.0100113	-0.581198	0.221964
-0.00998866	-0.395592	0.246344
-0.00996599	-0.165678	0.233836
-0.00994331	0.09646	0.198326
-0.00992063	0.373968	0.15423
-0.00989796	0.66144	0.116282
-0.00987528	0.86125	0.08798
-0.00985261	0.954	0.060632
-0.00982993	0.984316	0.029044
-0.00980726	0.967356	-0.005618
-0.00978458	0.9222	-0.039326
-0.0097619	0.861992	-0.066886
-0.00973923	0.80242	-0.083422
-0.00971655	0.756734	-0.084694
-0.00969388	0.735746	-0.070066
-0.0096712	0.74677	-0.040704
-0.00964853	0.79076	-0.001378
-0.00962585	0.862098	0.041022
-0.00960317	0.94976	0.07897
-0.0095805	1.03869	0.104516
-0.00955782	1.11173	0.111724
-0.00953515	1.15317	0.098156
-0.00951247	1.15286	0.064024
-0.0094898	1.10759	0.014734
-0.00946712	1.02258	-0.041658
-0.00944444	0.910434	-0.094976
-0.00942177	0.79023	-0.134726
-0.00939909	0.684548	-0.152428
-0.00937642	0.6148	-0.142782
-0.00935374	0.596568	-0.105364
-0.00933107	0.63865	-0.044732
-0.00930839	0.73617	0.027984
-0.00928571	0.875984	0.1007
-0.00926304	1.03583	0.160908
-0.00924036	1.18529	0.194192
-0.00921769	1.28801	0.192072
-0.00919501	1.31387	0.150626
-0.00917234	1.26829	0.074412
-0.00914966	1.15604	-0.022578
-0.00912698	0.984422	-0.122854
-0.00910431	0.775602	-0.207654
-0.00908163	0.576746	-0.2597
-0.00905896	0.371636	-0.268922
-0.00903628	0.112148	-0.243482
-0.00901361	-0.164088	-0.199492
-0.00899093	-0.458132	-0.15158
-0.00896825	-0.717196	-0.11289
-0.00894558	-0.853618	-0.079606
-0.0089229	-0.903332	-0.04399
-0.00890023	-0.897184	-0.006572
-0.00887755	-0.853936	0.03021
-0.00885488	-0.792986	0.060632
-0.0088322	-0.729386	0.079394
-0.00880952	-0.679884	0.082574
-0.00878685	-0.655504	0.068264
-0.00876417	-0.664408	0.038584
-0.0087415	-0.708292	-0.002544
-0.00871882	-0.782386	-0.047806
-0.00869615	-0.875242	-0.088934
-0.00867347	-0.970218	-0.11766
-0.00865079	-1.05004	-0.127412
-0.00862812	-1.09752	-0.114586
-0.00860544	-1.1007	-0.079818
-0.00858277	-1.0564	-0.028726
-0.00856009	-0.968946	0.03127
-0.00853741	-0.850968	0.088934
-0.00851474	-0.72292	0.132924
-0.00849206	-0.608334	0.1537
-0.00846939	-0.529258	0.14575
-0.00844671	-0.483678	0.109604
-0.00842404	-0.490356	0.052152
-0.00840136	-0.587876	-0.019928
-0.00837868	-0.744332	-0.098262
-0.00835601	-0.919444	-0.167056
-0.00833333	-1.09032	-0.211576
-0.00831066	-1.21858	-0.220798
-0.00828798	-1.26999	-0.18815
-0.00826531	-1.24031	-0.115116
-0.00824263	-1.14003	-0.015052
-0.00821995	-0.974988	0.093068
-0.00819728	-0.758748	0.190164
-0.0081746	-0.54166	0.25652
-0.00815193	-0.301782	0.280582
-0.00812925	0.007208	0.26871
-0.00810658	0.375664	0.237122
-0.0080839	0.762882	0.20299
-0.00806122	1.01495	0.166738
-0.00803855	1.12127	0.116282
-0.00801587	1.12996	0.050244
-0.0079932	1.0565	-0.02597
-0.00797052	0.93333	-0.101124
-0.00794785	0.783976	-0.16165
-0.00792517	0.643314	-0.195888
-0.00790249	0.533286	-0.195146
-0.00787982	0.427922	-0.16165
-0.00785714	0.350118	-0.106106
-0.00783447	0.341214	-0.038266
-0.00781179	0.428876	0.035192
-0.00778912	0.647236	0.111512
-0.00776644	0.911388	0.184652
-0.00774376	1.14162	0.236274
-0.00772109	1.31292	0.250054
-0.00769841	1.37959	0.21571
-0.00767574	1.35023	0.133454
-0.00765306	1.24338	0.017384
-0.00763039	1.06551	-0.108968
-0.00760771	0.824256	-0.222918
-0.00758503	0.577488	-0.302524
-0.00756236	0.295846	-0.333476
-0.00753968	-0.08056	-0.324678
-0.00751701	-0.537526	-0.295846
-0.00749433	-0.929938	-0.25917
-0.00747166	-1.12604	-0.204156
-0.00744898	-1.1748	-0.123172
-0.0074263	-1.10569	-0.020776
-0.00740363	-0.954318	0.088086
-0.00738095	-0.747618	0.185076
-0.00735828	-0.53795	0.251856
-0.0073356	-0.305598	0.27613
-0.00731293	-0.004452	0.264682
-0.00729025	0.353298	0.233094
-0.00726757	0.7367	0.198644
-0.0072449	0.994174	0.163664
-0.00722222	1.10579	0.115858
-0.00719955	1.12127	0.052788
-0.00717687	1.05597	-0.020246
-0.0071542	0.939796	-0.092856
-0.00713152	0.797544	-0.152534
-0.00710884	0.65985	-0.187408
-0.00708617	0.55544	-0.188786
-0.00706349	0.465022	-0.157092
-0.00704082	0.40439	-0.102502
-0.00701814	0.415096	-0.03339
-0.00699546	0.537632	0.043672
-0.00697279	0.763518	0.124444
-0.00695011	0.997036	0.196312
-0.00692744	1.20374	0.239984
-0.00690476	1.34143	0.242316
-0.00688209	1.37705	0.194828
-0.00685941	1.32447	0.102502
-0.00683673	1.19939	-0.017066
-0.00681406	1.00297	-0.140874
-0.00679138	0.756734	-0.246238
-0.00676871	0.511874	-0.312382
-0.00674603	0.212636	-0.33072
-0.00672336	-0.180836	-0.313654
-0.00670068	-0.634304	-0.281748
-0.006678	-0.980924	-0.241998
-0.00665533	-1.13632	-0.182638
-0.00663265	-1.159	-0.098368
-0.00660998	-1.07124	0.003392
-0.0065873	-0.910222	0.107908
-0.00656463	-0.704688	0.197054
-0.00654195	-0.503182	0.252598
-0.00651927	-0.272102	0.266484
-0.0064966	0.021306	0.247616
-0.00647392	0.359128	0.211894
-0.00645125	0.717832	0.176172
-0.00642857	0.958134	0.142252
-0.0064059	1.06329	0.09911
-0.00638322	1.0812	0.044202
-0.00636054	1.02788	-0.018762
-0.00633787	0.929726	-0.08056
-0.00631519	0.809522	-0.13091
-0.00629252	0.69271	-0.160378
-0.00626984	0.606532	-0.161226
-0.00624717	0.564238	-0.13144
-0.00622449	0.572612	-0.076108
-0.00620181	0.658048	-0.003074
-0.00617914	0.799134	0.077168
-0.00615646	0.967674	0.14946
-0.00613379	1.13929	0.198432
-0.00611111	1.27423	0.212742
-0.00608844	1.33316	0.185076
-0.00606576	1.31164	0.116812
-0.00604308	1.2208	0.020246
-0.00602041	1.06392	-0.08851
-0.00599773	0.852028	-0.18815
-0.00597506	0.633138	-0.259382
-0.00595238	0.416474	-0.287366
-0.00592971	0.13674	-0.2756
-0.00590703	-0.186878	-0.239348
-0.00588435	-0.545264	-0.196418
-0.00586168	-0.83316	-0.157516
-0.005839	-0.967886	-0.113632
-0.00581633	-1.00403	-0.05936
-0.00579365	-0.963858	0.002438
-0.00577098	-0.873864	0.064024
-0.0057483	-0.75896	0.115434
-0.00572562	-0.643632	0.146704
-0.00570295	-0.556076	0.150626
-0.00568027	-0.503394	0.124974
-0.0056576	-0.490568	0.075048
-0.00563492	-0.558302	0.008056
-0.00561224	-0.69642	-0.069006
-0.00558957	-0.863052	-0.141934
-0.00556689	-1.03509	-0.195464
-0.00554422	-1.18031	-0.217406
-0.00552154	-1.25917	-0.199492
-0.00549887	-1.2561	-0.140238
-0.00547619	-1.18031	-0.048972
-0.00545351	-1.03838	0.057134
-0.00543084	-0.83793	0.15847
-0.00540816	-0.619782	0.236274
-0.00538549	-0.401634	0.274752
-0.00536281	-0.123278	0.27295
-0.00534014	0.211682	0.24539
-0.00531746	0.596038	0.209668
-0.00529478	0.912342	0.175642
-0.00527211	1.06901	0.133666
-0.00524943	1.11841	0.077274
-0.00522676	1.08141	0.00848
-0.00520408	0.983786	-0.064024
-0.00518141	0.852028	-0.128154
-0.00515873	0.711896	-0.172144
-0.00513605	0.598476	-0.185818
-0.00511338	0.512828	-0.165678
-0.0050907	0.447956	-0.118084
-0.00506803	0.442868	-0.052576
-0.00504535	0.543038	0.02385
-0.00502268	0.74571	0.106318
-0.005	0.966826	0.181896
-0.00497732	1.17151	0.231716
-0.00495465	1.32118	0.242634
-0.00493197	1.37344	0.205322
-0.0049093	1.33624	0.121688
-0.00488662	1.22515	0.007208
-0.00486395	1.04463	-0.115222
-0.00484127	0.805282	-0.22419
-0.00481859	0.565086	-0.29786
-0.00479592	0.289062	-0.323724
-0.00477324	-0.075684	-0.311428
-0.00475057	-0.514524	-0.280158
-0.00472789	-0.898244	-0.24274
-0.00470522	-1.09371	-0.190482
-0.00468254	-1.14862	-0.114798
-0.00465986	-1.08979	-0.020564
-0.00463719	-0.95082	0.080136
-0.00461451	-0.761186	0.170342
-0.00459184	-0.56551	0.233306
-0.00456916	-0.367078	0.255778
-0.00454649	-0.112784	0.242528
-0.00452381	0.174794	0.207336
-0.00450113	0.495126	0.165996
-0.00447846	0.789276	0.132076
-0.00445578	0.952834	0.100276
-0.00443311	1.01887	0.062222
-0.00441043	1.01749	0.017384
-0.00438776	0.966508	-0.03074
-0.00436508	0.887432	-0.074942
-0.0043424	0.798074	-0.10706
-0.00431973	0.71921	-0.121158
-0.00429705	0.667906	-0.11289
-0.00427438	0.657412	-0.081938
-0.0042517	0.69377	-0.033602
-0.00422902	0.77433	0.025546
-0.00420635	0.888068	0.083952
-0.00418367	1.0158	0.131016
-0.004161	1.13409	0.15635
-0.00413832	1.21815	0.153488
-0.00411565	1.24635	0.120204
-0.00409297	1.2137	0.060314
-0.00407029	1.12222	-0.015794
-0.00404762	0.981666	-0.096036
-0.00402494	0.814822	-0.163876
-0.00400227	0.653172	-0.206488
-0.00397959	0.520672	-0.21306
-0.00395692	0.384144	-0.184546
-0.00393424	0.259064	-0.13303
-0.00391156	0.18126	-0.069536
-0.00388889	0.175748	-0.002968
-0.00386621	0.260336	0.06095
-0.00384354	0.462796	0.12084
-0.00382086	0.76797	0.179352
-0.00379819	1.0424	0.22684
-0.00377551	1.24232	0.244012
-0.00375283	1.3445	0.21889
-0.00373016	1.33984	0.148612
-0.00370748	1.2543	0.043142
-0.00368481	1.09827	-0.07738
-0.00366213	0.875878	-0.190588
-0.00363946	0.637272	-0.275494
-0.00361678	0.389444	-0.31482
-0.0035941	0.063494	-0.311322
-0.00357143	-0.34079	-0.282384
-0.00354875	-0.75843	-0.246026
-0.00352608	-1.02131	-0.202354
-0.0035034	-1.12169	-0.13833
-0.00348073	-1.10865	-0.055014
-0.00345805	-1.00244	0.039432
-0.00343537	-0.838884	0.130274
-0.0034127	-0.651264	0.200976
-0.00339002	-0.474562	0.23691
-0.00336735	-0.273056	0.234472
-0.00334467	-0.031482	0.203944
-0.003322	0.218042	0.159742
-0.00329932	0.480922	0.115752
-0.00327664	0.723026	0.083952
-0.00325397	0.864748	0.060844
-0.00323129	0.928878	0.038902
-0.00320862	0.946898	0.014946
-0.00318594	0.932164	-0.010282
-0.00316327	0.89888	-0.033284
-0.00314059	0.85701	-0.05141
-0.00311791	0.818002	-0.060208
-0.00309524	0.790654	-0.058088
-0.00307256	0.782068	-0.044626
-0.00304989	0.796378	-0.022154
-0.00302721	0.833266	0.006996
-0.00300454	0.88775	0.036464
-0.00298186	0.950502	0.060844
-0.00295918	1.01092	0.07579
-0.00293651	1.05682	0.07685
-0.00291383	1.07834	0.06307
-0.00289116	1.06986	0.035934
-0.00286848	1.02831	-0.001802
-0.0028458	0.961102	-0.042612
-0.00282313	0.879588	-0.07791
-0.00280045	0.796166	-0.102078
-0.00277778	0.728114	-0.108968
-0.0027551	0.688152	-0.096672
-0.00273243	0.687092	-0.065402
-0.00270975	0.728008	-0.019822
-0.00268707	0.806766	0.033072
-0.0026644	0.911388	0.082998
-0.00264172	1.02343	0.120628
-0.00261905	1.12254	0.137588
-0.00259637	1.18784	0.128684
-0.0025737	1.20321	0.094234
-0.00255102	1.16356	0.03763
-0.00252834	1.0723	-0.031058
-0.00250567	0.941492	-0.10017
-0.00248299	0.792986	-0.156138
-0.00246032	0.65349	-0.187408
-0.00243764	0.550246	-0.185924
-0.00241497	0.466082	-0.151792
-0.00239229	0.416792	-0.094976
-0.00236961	0.445094	-0.023956
-0.00234694	0.59148	0.055332
-0.00232426	0.816518	0.137164
-0.00230159	1.03721	0.205322
-0.00227891	1.2313	0.242104
-0.00225624	1.34684	0.235002
-0.00223356	1.36263	0.178398
-0.00221088	1.29532	0.079924
-0.00218821	1.15752	-0.041764
-0.00216553	0.94817	-0.162604
-0.00214286	0.701296	-0.261184
-0.00212018	0.454952	-0.317788
-0.00209751	0.141404	-0.327222
-0.00207483	-0.264152	-0.305492
-0.00205215	-0.7102	-0.27189
-0.00202948	-1.02089	-0.23002
-0.0020068	-1.14989	-0.167162
-0.00198413	-1.15349	-0.08056
-0.00196145	-1.05226	0.0212
-0.00193878	-0.884464	0.122324
-0.0019161	-0.680308	0.205322
-0.00189342	-0.483678	0.253128
-0.00187075	-0.250478	0.259912
-0.00184807	0.039114	0.236486
-0.0018254	0.367078	0.198432
-0.00180272	0.709564	0.16218
-0.00178005	0.935344	0.12932
-0.00175737	1.03382	0.089358
-0.00173469	1.05057	0.038372
-0.00171202	1.00223	-0.019292
-0.00168934	0.913614	-0.074942
-0.00166667	0.80507	-0.120204
-0.00164399	0.701296	-0.145538
-0.00162132	0.624552	-0.14522
-0.00159864	0.592222	-0.11713
-0.00157596	0.61586	-0.064766
-0.00155329	0.695678	0.00371
-0.00153061	0.821394	0.076744
-0.00150794	0.973822	0.140238
-0.00148526	1.12508	0.181684
-0.00146259	1.24327	0.190694
-0.00143991	1.29405	0.162392
-0.00141723	1.27158	0.098262
-0.00139456	1.18264	0.008798
-0.00137188	1.03223	-0.089252
-0.00134921	0.83634	-0.177868
-0.00132653	0.635682	-0.239772
-0.00130385	0.449546	-0.262032
-0.00128118	0.224932	-0.245602
-0.0012585	-0.028832	-0.20458
-0.00123583	-0.28143	-0.1537
-0.00121315	-0.540388	-0.108014
-0.00119048	-0.739244	-0.074942
-0.0011678	-0.834432	-0.048442
-0.00114512	-0.868882	-0.02332
-0.00112245	-0.864112	0.001484
-0.00109977	-0.838142	0.023214
-0.0010771	-0.802844	0.039326
-0.00105442	-0.769348	0.047064
-0.00103175	-0.746664	0.044626
-0.00100907	-0.74147	0.031588
-0.000986395	-0.757052	0.010176
-0.000963719	-0.79235	-0.01643
-0.000941043	-0.843442	-0.043354
-0.000918367	-0.901318	-0.065296
-0.000895692	-0.956014	-0.07791
-0.000873016	-0.9964	-0.077698
-0.00085034	-1.01389	-0.063918
-0.000827664	-1.00287	-0.03763
-0.000804989	-0.96407	-0.00371
-0.000782313	-0.901848	0.032648
-0.000759637	-0.825952	0.064448
-0.000736961	-0.750374	0.08533
-0.000714286	-0.689318	0.09063
-0.00069161	-0.655928	0.077486
-0.000668934	-0.658048	0.047382
-0.000646259	-0.698858	0.004876
-0.000623583	-0.773482	-0.043566
-0.000600907	-0.870366	-0.088298
-0.000578231	-0.972762	-0.121582
-0.000555556	-1.06138	-0.135362
-0.00053288	-1.11862	-0.12561
-0.000510204	-1.12932	-0.09169
-0.000487528	-1.08915	-0.038902
-0.000464853	-1.00149	0.024592
-0.000442177	-0.879376	0.087132
-0.000419501	-0.742318	0.137058
-0.000396825	-0.617026	0.163664
-0.00037415	-0.523216	0.159636
-0.000351474	-0.452514	0.12667
-0.000328798	-0.421456	0.071868
-0.000306122	-0.472866	0.003392
-0.000283447	-0.630064	-0.073776
-0.000260771	-0.831252	-0.15052
-0.000238095	-1.02703	-0.20935
-0.00021542	-1.19388	-0.23585
-0.000192744	-1.28567	-0.21995
-0.000170068	-1.28769	-0.15953
-0.000147392	-1.21169	-0.062646
-0.000124717	-1.06763	0.051516
-0.000102041	-0.857434	0.161756
-7.93651e-05	-0.62593	0.247934
-5.66893e-05	-0.384356	0.292454
-3.40136e-05	-0.071762	0.295634
-1.13379e-05	0.32224	0.272844
1.13379e-05	0.752812	0.241998
3.40136e-05	1.04728	0.205428
5.66893e-05	1.17437	0.149566
7.93651e-05	1.18614	0.071656
0.000102041	1.09911	-0.02067
0.000124717	0.9487	-0.114056
0.000147392	0.760232	-0.19239
0.000170068	0.582258	-0.23956
0.000192744	0.408312	-0.246026
0.00021542	0.197902	-0.218148
0.000238095	-0.01802	-0.170554
0.000260771	-0.220374	-0.116388
0.000283447	-0.405768	-0.067946
0.000306122	-0.57876	-0.03498
0.000328798	-0.697798	-0.018974
0.000351474	-0.76002	-0.01431
0.00037415	-0.79924	-0.014098
0.000396825	-0.824892	-0.015582
0.000419501	-0.847258	-0.01908
0.000442177	-0.864218	-0.020776
0.000464853	-0.876938	-0.020458
0.000487528	-0.884252	-0.017808
0.000510204	-0.88404	-0.012614
0.00053288	-0.87768	-0.005512
0.000555556	-0.865596	0.002014
0.000578231	-0.850014	0.008904
0.000600907	-0.834008	0.013886
0.000623583	-0.820334	0.015476
0.000646259	-0.812278	0.013462
0.000668934	-0.811642	0.008056
0.00069161	-0.81885	-0.000742
0.000714286	-0.833266	-0.010812
0.000736961	-0.852558	-0.020458
0.000759637	-0.874076	-0.027878
0.000782313	-0.893262	-0.031482
0.000804989	-0.906406	-0.030316
0.000827664	-0.91054	-0.02385
0.00085034	-0.903968	-0.013462
0.000873016	-0.887432	-0.000636
0.000895692	-0.862734	0.012508
0.000918367	-0.834538	0.023426
0.000941043	-0.807296	0.029998
0.000963719	-0.786626	0.030422
0.000986395	-0.77698	0.024274
0.00100907	-0.780902	0.01219
0.00103175	-0.79924	-0.004558
0.00105442	-0.829026	-0.022472
0.0010771	-0.865808	-0.038372
0.00109977	-0.903014	-0.049078
0.00112245	-0.933648	-0.052258
0.00114512	-0.950926	-0.046534
0.0011678	-0.95082	-0.032118
0.00119048	-0.931952	-0.011554
0.00121315	-0.896018	0.01219
0.00123583	-0.848954	0.034662
0.0012585	-0.798392	0.051304
0.00128118	-0.754084	0.058724
0.00130385	-0.72451	0.05459
0.00132653	-0.716984	0.038796
0.00134921	-0.734368	0.013674
0.00137188	-0.775602	-0.017066
0.00139456	-0.835068	-0.04823
0.00141723	-0.90206	-0.073352
0.00143991	-0.964812	-0.087662
0.00146259	-1.01113	-0.08692
0.00148526	-1.03043	-0.070384
0.00150794	-1.01665	-0.040068
0.00153061	-0.970218	-0.000318
0.00155329	-0.897396	0.041658
0.00157596	-0.809628	0.078228
0.00159864	-0.72239	0.101972
0.00162132	-0.652642	0.107272
0.00164399	-0.615012	0.091584
0.00166667	-0.619252	0.056286
0.00168934	-0.6678	0.006466
0.00171202	-0.755144	-0.049608
0.00173469	-0.868246	-0.10176
0.00175737	-0.986754	-0.13939
0.00178005	-1.08841	-0.154336
0.00180272	-1.15169	-0.141828
0.0018254	-1.15996	-0.10176
0.00184807	-1.11046	-0.039326
0.00187075	-1.00636	0.034556
0.00189342	-0.86337	0.106954
0.0019161	-0.704476	0.163876
0.00193878	-0.56233	0.192814
0.00196145	-0.437144	0.187514
0.00198413	-0.308566	0.152746
0.0020068	-0.20617	0.099746
0.00202948	-0.156032	0.038054
0.00205215	-0.18285	-0.024698
0.00207483	-0.301464	-0.084588
0.00209751	-0.542508	-0.14204
0.00212018	-0.831146	-0.196418
0.00214286	-1.06042	-0.232458
0.00216553	-1.21868	-0.234048
0.00218821	-1.2773	-0.193662
0.00221088	-1.24306	-0.11236
0.00223356	-1.13409	-0.003816
0.00225624	-0.95559	0.110558
0.00227891	-0.728538	0.21094
0.00230159	-0.500638	0.277084
0.00232426	-0.22896	0.29892
0.00234694	0.122112	0.2862
0.00236961	0.547278	0.256944
0.00239229	0.92803	0.224826
0.00241497	1.13028	0.180412
0.00243764	1.19854	0.113738
0.00246032	1.15858	0.02862
0.00248299	1.03848	-0.065296
0.00250567	0.867504	-0.152004
0.00252834	0.680626	-0.216028
0.00255102	0.514948	-0.243058
0.0025737	0.32913	-0.23055
0.00259637	0.119462	-0.191012
0.00261905	-0.078864	-0.137588
0.00264172	-0.256838	-0.083422
0.0026644	-0.412022	-0.039008
0.00268707	-0.556818	-0.011978
0.00270975	-0.662182	-0.003922
0.00273243	-0.725782	-0.00848
0.0027551	-0.776768	-0.01908
0.00277778	-0.821818	-0.03127
0.00280045	-0.863476	-0.041446
0.00282313	-0.898244	-0.046746
0.0028458	-0.922836	-0.044838
0.00286848	-0.9328	-0.035616
0.00289116	-0.925274	-0.019928
0.00291383	-0.901848	-0.000636
0.00293651	-0.865596	0.019822
0.00295918	-0.822454	0.037206
0.00298186	-0.780478	0.047912
0.00300454	-0.748042	0.049502
0.00302721	-0.732036	0.04081
0.00304989	-0.736382	0.022472
0.00307256	-0.762564	-0.002226
0.00309524	-0.806766	-0.029574
0.00311791	-0.86231	-0.054272
0.00314059	-0.919656	-0.071444
0.00316327	-0.96725	-0.077486
0.00318594	-0.995976	-0.069854
0.00320862	-0.99852	-0.048972
0.00323129	-0.97202	-0.018126
0.00325397	-0.919232	0.017702
0.00327664	-0.848212	0.052576
0.00329932	-0.771362	0.079076
0.003322	-0.702356	0.091902
0.00334467	-0.654974	0.087026
0.00336735	-0.640346	0.064554
0.00339002	-0.663984	0.026924
0.0034127	-0.724192	-0.019928
0.00343537	-0.81249	-0.06731
0.00345805	-0.914568	-0.106848
0.00348073	-1.01166	-0.129956
0.0035034	-1.08491	-0.131016
0.00352608	-1.11766	-0.108014
0.00354875	-1.10039	-0.062964
0.00357143	-1.03498	-0.004346
0.0035941	-0.927182	0.059148
0.00361678	-0.79447	0.116494
0.00363946	-0.65985	0.154442
0.00366213	-0.551836	0.16483
0.00368481	-0.472018	0.144372
0.00370748	-0.419548	0.098368
0.00373016	-0.428876	0.035404
0.00375283	-0.542084	-0.038584
0.00377551	-0.732566	-0.117236
0.00379819	-0.931316	-0.186136
0.00382086	-1.11544	-0.22843
0.00384354	-1.24476	-0.23214
0.00386621	-1.28567	-0.191118
0.00388889	-1.24243	-0.10865
0.00391156	-1.12848	0.000318
0.00393424	-0.94605	0.114692
0.00395692	-0.71656	0.213696
0.00397959	-0.48707	0.277932
0.00400227	-0.211152	0.297966
0.00402494	0.144902	0.28408
0.00404762	0.573566	0.254824
0.00407029	0.947322	0.222282
0.00409297	1.1412	0.176596
0.00411565	1.20331	0.10865
0.00413832	1.15794	0.02226
0.004161	1.03382	-0.07208
0.00418367	0.859766	-0.15847
0.00420635	0.67257	-0.221116
0.00422902	0.50615	-0.246132
0.0042517	0.315774	-0.232034
0.00427438	0.10282	-0.191436
0.00429705	-0.099322	-0.138012
0.00431973	-0.28196	-0.0848
0.0043424	-0.447214	-0.041976
0.00436508	-0.595932	-0.017384
0.00438776	-0.690272	-0.01007
0.00441043	-0.74624	-0.012296
0.00443311	-0.7897	-0.019716
0.00445578	-0.825846	-0.02809
0.00447846	-0.857964	-0.034662
0.00450113	-0.88404	-0.03763
0.00452381	-0.90153	-0.03551
0.00454649	-0.907042	-0.027772
0.00456916	-0.899728	-0.015582
0.00459184	-0.880648	-0.00053
0.00461451	-0.852876	0.01431
0.00463719	-0.821076	0.026394
0.00465986	-0.790972	0.03339
0.00468254	-0.768712	0.033072
0.00470522	-0.758642	0.025546
0.00472789	-0.764472	0.01113
0.00475057	-0.785884	-0.007526
0.00477324	-0.820122	-0.027454
0.00479592	-0.861992	-0.045156
0.00481859	-0.903544	-0.056604
0.00484127	-0.93704	-0.059466
0.00486395	-0.95559	-0.052364
0.00488662	-0.953894	-0.035722
0.0049093	-0.930998	-0.011978
0.00493197	-0.889552	0.01431
0.00495465	-0.835916	0.039432
0.00497732	-0.779418	0.057876
0.005	-0.73034	0.065296
0.00502268	-0.698752	0.059678
0.00504535	-0.692392	0.041022
0.00506803	-0.714016	0.011978
0.0050907	-0.762034	-0.022896
0.00511338	-0.82945	-0.057452
0.00513605	-0.904816	-0.085118
0.00515873	-0.97467	-0.099852
0.00518141	-1.0246	-0.097732
0.00520408	-1.04389	-0.078016
0.00522676	-1.02608	-0.043036
0.00524943	-0.971702	0.001908
0.00527211	-0.887856	0.048972
0.00529478	-0.788746	0.089252
0.00531746	-0.691862	0.114798
0.00534014	-0.615436	0.118932
0.00536281	-0.576534	0.09964
0.00538549	-0.58459	0.058724
0.00540816	-0.642678	0.001908
0.00543084	-0.74359	-0.061056
0.00545351	-0.87132	-0.11872
0.00547619	-1.00393	-0.159636
0.00549887	-1.11565	-0.174264
0.00552154	-1.1802	-0.15794
0.00554422	-1.1819	-0.11024
0.00556689	-1.1201	-0.03816
0.00558957	-0.999368	0.045474
0.00561224	-0.835704	0.125928
0.00563492	-0.655928	0.187726
0.0056576	-0.494066	0.217512
0.00568027	-0.324572	0.210622
0.00570295	-0.135044	0.175854
0.00572562	0.044414	0.126246
0.0057483	0.200234	0.073352
0.00577098	0.327328	0.02703
0.00579365	0.432268	-0.005194
0.00581633	0.53318	-0.019292
0.005839	0.645328	-0.01272
0.00586168	0.746664	0.010282
0.00588435	0.838566	0.04028
0.00590703	0.929938	0.06837
0.00592971	1.01262	0.087556
0.00595238	1.0777	0.092008
0.00597506	1.11427	0.0795
0.00599773	1.11491	0.050456
0.00602041	1.07738	0.009116
0.00604308	1.00668	-0.03763
0.00606576	0.913614	-0.081726
0.00608844	0.814504	-0.114056
0.00611111	0.728008	-0.127942
0.00613379	0.671616	-0.119038
0.00615646	0.658472	-0.087238
0.00617914	0.69483	-0.036888
0.00620181	0.777722	0.024168
0.00622449	0.895064	0.084906
0.00624717	1.02725	0.133878
0.00626984	1.15021	0.16059
0.00629252	1.23766	0.158046
0.00631519	1.26638	0.123914
0.00633787	1.23193	0.061798
0.00636054	1.13749	-0.01802
0.00638322	0.992796	-0.100594
0.0064059	0.818956	-0.171296
0.00642857	0.651264	-0.215498
0.00645125	0.50986	-0.222494
0.00647392	0.35722	-0.194722
0.0064966	0.21041	-0.143524
0.00651927	0.10547	-0.081938
0.00654195	0.057028	-0.019186
0.00656463	0.082998	0.03816
0.0065873	0.191224	0.087344
0.00660998	0.397076	0.129108
0.00663265	0.705006	0.169176
0.00665533	0.989298	0.203732
0.006678	1.18646	0.215498
0.00670068	1.29776	0.192708
0.00672336	1.30783	0.132394
0.00674603	1.23861	0.04134
0.00676871	1.10017	-0.064236
0.00679138	0.904604	-0.16483
0.00681406	0.689636	-0.240832
0.00683673	0.488978	-0.276766
0.00685941	0.240196	-0.271572
0.00688209	-0.055438	-0.238288
0.00690476	-0.379162	-0.193662
0.00692744	-0.6943	-0.152216
0.00695011	-0.879482	-0.114268
0.00697279	-0.94976	-0.070384
0.00699546	-0.946474	-0.019928
0.00701814	-0.88828	0.032754
0.00704082	-0.800618	0.079924
0.00706349	-0.703734	0.113208
0.00708617	-0.62116	0.125928
0.00710884	-0.570174	0.113738
0.00713152	-0.564768	0.077804
0.0071542	-0.610454	0.02279
0.00717687	-0.703628	-0.041976
0.00719955	-0.830934	-0.105152
0.00722222	-0.970112	-0.154124
0.0072449	-1.09593	-0.178292
0.00726757	-1.17999	-0.171296
0.00729025	-1.20024	-0.130804
0.00731293	-1.15476	-0.06201
0.0073356	-1.04643	0.023214
0.00735828	-0.887432	0.10971
0.00738095	-0.701084	0.181366
0.00740363	-0.526926	0.22313
0.0074263	-0.350436	0.22684
0.00744898	-0.143206	0.199916
0.00747166	0.069218	0.154654
0.00749433	0.271466	0.10441
0.00751701	0.463326	0.06095
0.00753968	0.64819	0.03339
0.00756236	0.775602	0.022578
0.00758503	0.846834	0.02014
0.00760771	0.894004	0.020564
0.00763039	0.924214	0.020882
0.00765306	0.944036	0.018762
0.00767574	0.953258	0.013886
0.00769841	0.954106	0.006572
0.00772109	0.945732	-0.002438
0.00774376	0.930998	-0.011766
0.00776644	0.912342	-0.01961
0.00778912	0.893686	-0.024804
0.00781179	0.878952	-0.025758
0.00783447	0.871108	-0.022154
0.00785714	0.872274	-0.014416
0.00787982	0.883298	-0.003286
0.00790249	0.902378	0.008798
0.00792517	0.927076	0.019716
0.00794785	0.952622	0.027984
0.00797052	0.974246	0.030952
0.0079932	0.988026	0.027878
0.00801587	0.989934	0.01908
0.00803855	0.97891	0.005512
0.00806122	0.956014	-0.0106
0.0080839	0.924638	-0.026076
0.00810658	0.890188	-0.038266
0.00812925	0.8586	-0.04452
0.00815193	0.83634	-0.043142
0.0081746	0.829026	-0.03339
0.00819728	0.838142	-0.017066
0.00821995	0.8639	0.003498
0.00824263	0.902696	0.025122
0.00826531	0.947746	0.04293
0.00828798	0.991524	0.05406
0.00831066	1.02534	0.055226
0.00833333	1.04145	0.04558
0.00835601	1.03594	0.026182
0.00837868	1.00785	0
0.00840136	0.96036	-0.028726
0.00842404	0.901636	-0.05459
0.00844671	0.841322	-0.072504
0.00846939	0.791078	-0.078228
0.00849206	0.761398	-0.069854
0.00851474	0.759384	-0.0477
0.00853741	0.787792	-0.014734
0.00856009	0.843548	0.022896
0.00858277	0.91849	0.059466
0.00860544	0.999792	0.087026
0.00862812	1.07177	0.099958
0.00865079	1.12084	0.094552
0.00867347	1.13462	0.070172
0.00869615	1.10855	0.030422
0.00871882	1.04431	-0.01908
0.0087415	0.95029	-0.069112
0.00876417	0.8427	-0.11024
0.00878685	0.740622	-0.13409
0.00880952	0.664514	-0.134408
0.0088322	0.630276	-0.109498
0.00885488	0.64819	-0.061798
0.00887755	0.719316	0.00106
0.00890023	0.834008	0.068582
0.0089229	0.974352	0.128578
0.00894558	1.11501	0.168116
0.00896825	1.22822	0.17861
0.00899093	1.28324	0.154866
0.00901361	1.26893	0.09752
0.00903628	1.19091	0.016324
0.00905896	1.05322	-0.074518
0.00908163	0.87291	-0.158046
0.00910431	0.68264	-0.218678
0.00912698	0.515796	-0.242422
0.00914966	0.331568	-0.227476
0.00917234	0.126776	-0.185818
0.00919501	-0.06095	-0.130804
0.00921769	-0.224402	-0.075472
0.00924036	-0.357326	-0.029468
0.00926304	-0.474032	0.000742
0.00928571	-0.583106	0.009646
0.00930839	-0.665362	0.000954
0.00933107	-0.73246	-0.018126
0.00935374	-0.798922	-0.04081
0.00937642	-0.864324	-0.060738
0.00939909	-0.923578	-0.073034
0.00942177	-0.96778	-0.074094
0.00944444	-0.990146	-0.062434
0.00946712	-0.98527	-0.038902
0.0094898	-0.952728	-0.00742
0.00951247	-0.896548	0.027242
0.00953515	-0.826376	0.058618
0.00955782	-0.753872	0.080242
0.0095805	-0.69324	0.087662
0.00960317	-0.6572	0.077698
0.00962585	-0.654232	0.051198
0.00964853	-0.687834	0.012084
0.0096712	-0.754402	-0.033284
0.00969388	-0.84429	-0.077274
0.00971655	-0.941704	-0.110664
0.00973923	-1.02905	-0.126458
0.0097619	-1.08788	-0.120522
0.00978458	-1.10505	-0.09169
0.00980726	-1.0741	-0.043672
0.00982993	-0.997142	0.015476
0.00985261	-0.884676	0.075896
0.00987528	-0.756098	0.125504
0.00989796	-0.633244	0.154124
0.00992063	-0.541554	0.155184
0.00994331	-0.48336	0.126246
0.00996599	-0.464598	0.0742
0.00998866	-0.53106	0.005936
0.0100113	-0.679672	-0.073352
0.010034	-0.856268	-0.148294
0.0100567	-1.0352	-0.202884
0.0100794	-1.18529	-0.225144
0.010102	-1.265	-0.206488
0.0101247	-1.26045	-0.145008
0.0101474	-1.18169	-0.050456
0.0101701	-1.03615	0.058406
0.0101927	-0.830086	0.162604
0.0102154	-0.607168	0.242316
0.0102381	-0.378738	0.2809
0.0102608	-0.0848	0.279734
0.0102834	0.27454	0.253128
0.0103061	0.679248	0.21942
0.0103288	0.98156	0.184758
0.0103515	1.12063	0.137058
0.0103741	1.15264	0.071974
0.0103968	1.09328	-0.006254
0.0104195	0.973504	-0.086602
0.0104422	0.819698	-0.155608
0.0104649	0.665998	-0.200022
0.0104875	0.540176	-0.209138
0.0105102	0.414566	-0.183168
0.0105329	0.299238	-0.132924
0.0105556	0.233624	-0.06943
0.0105782	0.244012	-0.001484
0.0106009	0.352132	0.065826
0.0106236	0.591268	0.131334
0.0106463	0.888598	0.194192
0.0106689	1.13367	0.238076
0.0106916	1.30656	0.245496
0.0107143	1.371	0.206382
0.010737	1.33698	0.121582
0.0107596	1.22716	0.006042
0.0107823	1.04601	-0.11766
0.010805	0.805706	-0.227264
0.0108277	0.56445	-0.301358
0.0108503	0.285246	-0.327646
0.010873	-0.084376	-0.315562
0.0108957	-0.528622	-0.284398
0.0109184	-0.910752	-0.24698
0.010941	-1.10187	-0.193556
0.0109637	-1.15243	-0.115964
0.0109864	-1.08841	-0.019504
0.0110091	-0.944566	0.083316
0.0110317	-0.749844	0.1749
0.0110544	-0.550988	0.237758
0.0110771	-0.343334	0.2597
0.0110998	-0.075472	0.24592
0.0111224	0.229172	0.21147
0.0111451	0.571658	0.172356
0.0111678	0.857752	0.138966
0.0111905	1.00287	0.10388
0.0112132	1.05449	0.059042
0.0112358	1.03424	0.006572
0.0112585	0.965236	-0.048654
0.0112812	0.867716	-0.097414
0.0113039	0.763942	-0.130804
0.0113265	0.67734	-0.14204
0.0113492	0.625824	-0.126882
0.0113719	0.624022	-0.086602
0.0113946	0.676916	-0.026818
0.0114172	0.779736	0.042294
0.0114399	0.916688	0.108438
0.0114626	1.06456	0.158576
0.0114853	1.19589	0.182108
0.0115079	1.27762	0.171296
0.0115306	1.28854	0.124868
0.0115533	1.23289	0.049078
0.011576	1.11406	-0.042612
0.0115986	0.943188	-0.133348
0.0116213	0.745816	-0.206382
0.011644	0.566252	-0.246344
0.0116667	0.383084	-0.245708
0.0116893	0.165466	-0.212742
0.011712	-0.052152	-0.16271
0.0117347	-0.254506	-0.108544
0.0117574	-0.442868	-0.062116
0.01178	-0.611514	-0.032648
0.0118027	-0.714016	-0.018762
0.0118254	-0.767228	-0.013674
0.0118481	-0.800724	-0.013674
0.0118707	-0.822878	-0.015158
0.0118934	-0.840898	-0.017172
0.0119161	-0.854466	-0.018338
0.0119388	-0.864536	-0.018126
0.0119615	-0.870048	-0.016324
0.0119841	-0.87026	-0.012402
0.0120068	-0.86549	-0.007208
0.0120295	-0.856692	-0.00159
0.0120522	-0.845244	0.003604
0.0120748	-0.833478	0.007208
0.0120975	-0.823514	0.008692
0.0121202	-0.817578	0.007314
0.0121429	-0.816836	0.003074
0.0121655	-0.821924	-0.003286
0.0121882	-0.832312	-0.010706
0.0122109	-0.846834	-0.017808
0.0122336	-0.86231	-0.023108
0.0122562	-0.876514	-0.02597
0.0122789	-0.886478	-0.025228
0.0123016	-0.88934	-0.020776
0.0123243	-0.884888	-0.012932
0.0123469	-0.872486	-0.003604
0.0123696	-0.854254	0.006254
0.0123923	-0.833372	0.014522
0.012415	-0.813338	0.019292
0.0124376	-0.797968	0.019716
0.0124603	-0.790972	0.015264
0.012483	-0.793834	0.005936
0.0125057	-0.806872	-0.006042
0.0125283	-0.828708	-0.019292
0.012551	-0.856056	-0.031058
0.0125737	-0.883192	-0.039114
0.0125964	-0.905664	-0.041446
0.012619	-0.918702	-0.037312
0.0126417	-0.918914	-0.026818
0.0126644	-0.904816	-0.01166
0.0126871	-0.878528	0.00583
0.0127098	-0.84376	0.022366
0.0127324	-0.806554	0.034874
0.0127551	-0.774012	0.04028
0.0127778	-0.752176	0.037418
0.0128005	-0.746346	0.025864
0.0128231	-0.75896	0.007314
0.0128458	-0.789382	-0.01537
0.0128685	-0.83263	-0.038266
0.0128912	-0.881814	-0.056816
0.0129138	-0.928136	-0.06731
0.0129365	-0.962374	-0.06678
0.0129592	-0.976684	-0.055014
0.0129819	-0.967038	-0.032754
0.0130045	-0.933118	-0.003498
0.0130272	-0.879588	0.027348
0.0130499	-0.814716	0.054484
0.0130726	-0.750268	0.072186
0.0130952	-0.698752	0.076108
0.0131179	-0.670662	0.064872
0.0131406	-0.673524	0.03869
0.0131633	-0.709246	0.00212
0.0131859	-0.773376	-0.039008
0.0132086	-0.856162	-0.077486
0.0132313	-0.943718	-0.10547
0.013254	-1.01771	-0.115752
0.0132766	-1.06466	-0.105788
0.0132993	-1.07389	-0.076956
0.013322	-1.03933	-0.031694
0.0133447	-0.96407	0.022472
0.0133673	-0.858918	0.075578
0.01339	-0.742424	0.117872
0.0134127	-0.635152	0.140132
0.0134354	-0.558832	0.136422
0.013458	-0.527986	0.105576
0.0134807	-0.55385	0.051622
0.0135034	-0.639604	-0.017808
0.0135261	-0.76956	-0.090524
0.0135488	-0.923366	-0.152746
0.0135714	-1.07367	-0.192284
0.0135941	-1.18752	-0.198114
0.0136168	-1.23342	-0.16695
0.0136395	-1.20586	-0.100064
0.0136621	-1.11067	-0.00901
0.0136848	-0.954636	0.088934
0.0137075	-0.755886	0.176596
0.0137302	-0.55597	0.236274
0.0137528	-0.35351	0.25599
0.0137755	-0.097626	0.240408
0.0137982	0.188256	0.203944
0.0138209	0.504772	0.161968
0.0138435	0.794152	0.1272
0.0138662	0.955166	0.096248
0.0138889	1.02025	0.059254
0.0139116	1.01961	0.0159
0.0139342	0.971808	-0.029892
0.0139569	0.896548	-0.07208
0.0139796	0.811748	-0.102396
