-0.0140023	0.738192	-0.018144
-0.0139796	0.68992	-0.045248
-0.0139569	0.649936	-0.057232
-0.0139342	0.62776	-0.05096
-0.0139116	0.62944	-0.027216
-0.0138889	0.656096	0.008736
-0.0138662	0.70168	0.04928
-0.0138435	0.755664	0.085008
-0.0138209	0.805056	0.107408
-0.0137982	0.838544	0.11144
-0.0137755	0.848512	0.094864
-0.0137528	0.832384	0.061488
-0.0137302	0.793184	0.01904
-0.0137075	0.739872	-0.023408
-0.0136848	0.683312	-0.055888
-0.0136621	0.636048	-0.070672
-0.0136395	0.60872	-0.064064
-0.0136168	0.608832	-0.037184
-0.0135941	0.638736	0.004368
-0.0135714	0.691488	0.05152
-0.0135488	0.754656	0.09352
-0.0135261	0.813008	0.120624
-0.0135034	0.853104	0.126
-0.0134807	0.866096	0.10808
-0.013458	0.848512	0.07
-0.0134354	0.80416	0.020608
-0.0134127	0.74256	-0.02912
-0.01339	0.676592	-0.06776
-0.0133673	0.620368	-0.085904
-0.0133447	0.586432	-0.079744
-0.013322	0.583856	-0.04984
-0.0132993	0.61712	-0.002016
-0.0132766	0.678496	0.052864
-0.013254	0.752528	0.102816
-0.0132313	0.82152	0.135744
-0.0132086	0.869904	0.143808
-0.0131859	0.887264	0.124208
-0.0131633	0.868448	0.080864
-0.0131406	0.818384	0.023408
-0.0131179	0.747264	-0.035056
-0.0130952	0.669984	-0.081088
-0.0130726	0.603008	-0.10416
-0.0130499	0.559888	-0.09856
-0.0130272	0.552832	-0.065072
-0.0130045	0.588672	-0.010864
-0.0129819	0.659904	0.053312
-0.0129592	0.747264	0.112448
-0.0129365	0.82992	0.153104
-0.0129138	0.88928	0.165088
-0.0128912	0.911904	0.144032
-0.0128685	0.893424	0.095088
-0.0128458	0.836976	0.028448
-0.0128231	0.75488	-0.040544
-0.0128005	0.664608	-0.096208
-0.0127778	0.583856	-0.125328
-0.0127551	0.528192	-0.121296
-0.0127324	0.512512	-0.08512
-0.0127098	0.5488	-0.023632
-0.0126871	0.631344	0.05096
-0.0126644	0.736064	0.121744
-0.0126417	0.835968	0.17248
-0.012619	0.909888	0.1904
-0.0125964	0.941584	0.169904
-0.0125737	0.924672	0.1148
-0.012551	0.8624	0.037744
-0.0125283	0.768096	-0.044016
-0.0125057	0.66192	-0.112112
-0.012483	0.56392	-0.150304
-0.0124603	0.490224	-0.149856
-0.0124376	0.458416	-0.111776
-0.012415	0.48832	-0.043008
-0.0123923	0.582848	0.04312
-0.0123696	0.710976	0.128912
-0.0123469	0.835184	0.19376
-0.0123243	0.930384	0.221536
-0.0123016	0.9772	0.2044
-0.0122789	0.966	0.144592
-0.0122562	0.899808	0.055664
-0.0122336	0.793184	-0.042112
-0.0122109	0.66752	-0.126896
-0.0121882	0.547232	-0.17864
-0.0121655	0.446992	-0.186144
-0.0121429	0.3892	-0.149072
-0.0121202	0.401408	-0.074592
-0.0120975	0.498288	0.023968
-0.0120748	0.655984	0.127568
-0.0120522	0.816368	0.213136
-0.0120295	0.944048	0.25816
-0.0120068	1.01651	0.250432
-0.0119841	1.02032	0.190176
-0.0119615	0.955808	0.089712
-0.0119388	0.837424	-0.027664
-0.0119161	0.68992	-0.13552
-0.0118934	0.54096	-0.208768
-0.0118707	0.404768	-0.231952
-0.0118481	0.306992	-0.201264
-0.0118254	0.289856	-0.121744
-0.0118027	0.370832	-0.01064
-0.01178	0.548912	0.113344
-0.0117574	0.762272	0.226016
-0.0117347	0.939792	0.298928
-0.011712	1.05526	0.311808
-0.0116893	1.0892	0.258608
-0.0116667	1.0379	0.150528
-0.011644	0.91336	0.011312
-0.0116213	0.742784	-0.12712
-0.0115986	0.559888	-0.23296
-0.011576	0.379008	-0.282912
-0.0115533	0.225232	-0.269136
-0.0115306	0.153888	-0.195328
-0.0115079	0.197344	-0.074368
-0.0114853	0.36624	0.071904
-0.0114626	0.632128	0.21784
-0.0114399	0.88928	0.330848
-0.0114172	1.07184	0.380128
-0.0113946	1.16133	0.349552
-0.0113719	1.14341	0.243488
-0.0113492	1.02715	0.084672
-0.0113265	0.837872	-0.090496
-0.0113039	0.617456	-0.24192
-0.0112812	0.385728	-0.335888
-0.0112585	0.161168	-0.354928
-0.0112358	0.008736	-0.297696
-0.0112132	-0.014784	-0.174832
-0.0111905	0.112	-0.007168
-0.0111678	0.389088	0.17528
-0.0111451	0.744464	0.339248
-0.0111224	1.03667	0.444752
-0.0110998	1.21453	0.459536
-0.0110771	1.2647	0.375312
-0.0110544	1.18272	0.20832
-0.0110317	0.991984	-0.004144
-0.0110091	0.733824	-0.21336
-0.0109864	0.452032	-0.371168
-0.0109637	0.146496	-0.446208
-0.010941	-0.111776	-0.427168
-0.0109184	-0.256032	-0.318416
-0.0108957	-0.265552	-0.143136
-0.010873	-0.048384	0.068656
-0.0108503	0.364896	0.285824
-0.0108277	0.828464	0.467488
-0.010805	1.17466	0.565488
-0.0107823	1.35654	0.546336
-0.0107596	1.36886	0.407008
-0.010737	1.22494	0.187488
-0.0107143	0.961856	-0.073696
-0.0106916	0.638176	-0.321328
-0.0106689	0.272048	-0.492912
-0.0106463	-0.105056	-0.559552
-0.0106236	-0.452592	-0.512736
-0.0106009	-0.8372	-0.377216
-0.0105782	-1.23491	-0.201264
-0.0105556	-1.54974	-0.031024
-0.0105329	-1.66667	0.107968
-0.0105102	-1.63979	0.205744
-0.0104875	-1.54258	0.253456
-0.0104649	-1.45051	0.247856
-0.0104422	-1.4121	0.19264
-0.0104195	-1.46731	0.098448
-0.0103968	-1.60328	-0.01792
-0.0103741	-1.85214	-0.135184
-0.0103515	-2.04019	-0.231056
-0.0103288	-2.0384	-0.284368
-0.0103061	-2.03694	-0.27608
-0.0102834	-2.03638	-0.201824
-0.0102608	-2.03616	-0.07616
-0.0102381	-2.03762	0.074032
-0.0102154	-2.04534	0.214368
-0.0101927	-1.87992	0.315168
-0.0101701	-1.6128	0.35896
-0.0101474	-1.41646	0.338688
-0.0101247	-1.28397	0.258048
-0.010102	-1.2395	0.136192
-0.0100794	-1.34378	-0.00504
-0.0100567	-1.63229	-0.149184
-0.010034	-1.97299	-0.274064
-0.0100113	-2.05117	-0.353136
-0.00998866	-2.02978	-0.360864
-0.00996599	-2.03358	-0.285712
-0.00994331	-2.02765	-0.140336
-0.00992063	-2.02138	0.045136
-0.00989796	-2.03358	0.228368
-0.00987528	-1.85931	0.369264
-0.00985261	-1.52387	0.4424
-0.00982993	-1.23592	0.435792
-0.00980726	-0.905072	0.36008
-0.00978458	-0.527184	0.248304
-0.0097619	-0.104608	0.139552
-0.00973923	0.227248	0.05936
-0.00971655	0.408576	0.00952
-0.00969388	0.516432	-0.014112
-0.0096712	0.575792	-0.015456
-0.00964853	0.619248	0
-0.00962585	0.662256	0.025312
-0.00960317	0.708848	0.053648
-0.0095805	0.755664	0.077616
-0.00955782	0.794304	0.090608
-0.00953515	0.817488	0.089712
-0.00951247	0.82152	0.074032
-0.0094898	0.805616	0.04704
-0.00946712	0.773584	0.014448
-0.00944444	0.732368	-0.016016
-0.00942177	0.691264	-0.037296
-0.00939909	0.659344	-0.0448
-0.00937642	0.644	-0.035952
-0.00935374	0.649936	-0.012992
-0.00933107	0.676704	0.019712
-0.00930839	0.71848	0.054656
-0.00928571	0.765184	0.083776
-0.00926304	0.805616	0.10024
-0.00924036	0.831152	0.100016
-0.00921769	0.835184	0.082544
-0.00919501	0.816928	0.05152
-0.00917234	0.779968	0.014
-0.00914966	0.732256	-0.021616
-0.00912698	0.684096	-0.047152
-0.00910431	0.645904	-0.056448
-0.00908163	0.627088	-0.04704
-0.00905896	0.633024	-0.02072
-0.00903628	0.663264	0.016912
-0.00901361	0.711424	0.05768
-0.00899093	0.76608	0.092176
-0.00896825	0.813904	0.112224
-0.00894558	0.844368	0.11256
-0.0089229	0.850304	0.093072
-0.00890023	0.82992	0.057344
-0.00887755	0.78792	0.013888
-0.00885488	0.73248	-0.028
-0.0088322	0.676256	-0.05824
-0.00880952	0.630896	-0.07
-0.00878685	0.607264	-0.060032
-0.00876417	0.612192	-0.03024
-0.0087415	0.646576	0.012992
-0.00871882	0.702688	0.060704
-0.00869615	0.766416	0.101584
-0.00867347	0.822752	0.12544
-0.00865079	0.857584	0.12544
-0.00862812	0.865872	0.103824
-0.00860544	0.843696	0.063168
-0.00858277	0.795536	0.012432
-0.00856009	0.732032	-0.0364
-0.00853741	0.666288	-0.072576
-0.00851474	0.612304	-0.08736
-0.00849206	0.5824	-0.076944
-0.00846939	0.585424	-0.043568
-0.00844671	0.62384	0.00616
-0.00842404	0.688912	0.061376
-0.00840136	0.763616	0.10976
-0.00837868	0.831152	0.13944
-0.00835601	0.875728	0.143248
-0.00833333	0.887264	0.119616
-0.00831066	0.86352	0.072912
-0.00828798	0.808864	0.014336
-0.00826531	0.73528	-0.04368
-0.00824263	0.658112	-0.086912
-0.00821995	0.593264	-0.105952
-0.00819728	0.554848	-0.095984
-0.0081746	0.554064	-0.058464
-0.00815193	0.5964	-0.00168
-0.00812925	0.672112	0.06328
-0.00810658	0.760928	0.12096
-0.0080839	0.841568	0.15792
-0.00806122	0.896224	0.16464
-0.00803855	0.913136	0.138992
-0.00801587	0.887936	0.086128
-0.0079932	0.826224	0.017472
-0.00797052	0.74144	-0.050736
-0.00794785	0.650608	-0.103376
-0.00792517	0.572096	-0.128128
-0.00790249	0.521248	-0.11872
-0.00787982	0.512736	-0.077728
-0.00785714	0.5572	-0.012992
-0.00783447	0.64568	0.06272
-0.00781179	0.752192	0.131936
-0.00778912	0.85008	0.178752
-0.00776644	0.91896	0.190848
-0.00774376	0.944048	0.164528
-0.00772109	0.919184	0.105056
-0.00769841	0.85064	0.025424
-0.00767574	0.752752	-0.056112
-0.00765306	0.645568	-0.120848
-0.00763039	0.549696	-0.153888
-0.00760771	0.48048	-0.147728
-0.00758503	0.456176	-0.103936
-0.00756236	0.496496	-0.031248
-0.00753968	0.599424	0.056784
-0.00751701	0.730016	0.14112
-0.00749433	0.852656	0.201936
-0.00747166	0.94248	0.22344
-0.00744898	0.98112	0.199248
-0.0074263	0.961408	0.133952
-0.00740363	0.887376	0.041664
-0.00738095	0.775376	-0.05656
-0.00735828	0.648592	-0.137872
-0.0073356	0.529312	-0.18424
-0.00731293	0.432768	-0.1848
-0.00729025	0.38248	-0.141344
-0.00726757	0.406896	-0.061824
-0.0072449	0.51632	0.039648
-0.00722222	0.679056	0.142688
-0.00719955	0.838096	0.224224
-0.00717687	0.960176	0.26264
-0.0071542	1.0239	0.246848
-0.00713152	1.01741	0.179312
-0.00710884	0.943376	0.07392
-0.00708617	0.817936	-0.044912
-0.00706349	0.667632	-0.149968
-0.00704082	0.518784	-0.217392
-0.00701814	0.384048	-0.232624
-0.00699546	0.294336	-0.194432
-0.00697279	0.288176	-0.110432
-0.00695011	0.384048	0.00448
-0.00692744	0.574224	0.129696
-0.00690476	0.788032	0.239456
-0.00688209	0.960064	0.305536
-0.00685941	1.06624	0.309008
-0.00683673	1.08842	0.246848
-0.00681406	1.02514	0.131712
-0.00679138	0.89152	-0.01064
-0.00676871	0.715904	-0.147728
-0.00674603	0.530992	-0.247744
-0.00672336	0.349104	-0.289296
-0.00670068	0.201712	-0.266784
-0.006678	0.144032	-0.1848
-0.00665533	0.204288	-0.058016
-0.00663265	0.391664	0.09128
-0.00660998	0.666288	0.235984
-0.0065873	0.918064	0.343168
-0.00656463	1.09088	0.382368
-0.00654195	1.16738	0.34048
-0.00651927	1.13478	0.224672
-0.0064966	1.0061	0.059696
-0.00647392	0.808416	-0.116368
-0.00645125	0.583856	-0.263088
-0.00642857	0.348096	-0.348208
-0.0064059	0.126448	-0.356944
-0.00638322	-0.013216	-0.289744
-0.00636054	-0.01736	-0.158032
-0.00633787	0.130816	0.014784
-0.00631519	0.427728	0.198688
-0.00629252	0.78624	0.358736
-0.00626984	1.06736	0.454832
-0.00624717	1.23178	0.456512
-0.00622449	1.26426	0.359184
-0.00620181	1.16547	0.181888
-0.00617914	0.96096	-0.035056
-0.00615646	0.695856	-0.242032
-0.00613379	0.408128	-0.392224
-0.00611111	0.098784	-0.455616
-0.00608844	-0.148624	-0.424144
-0.00606576	-0.284704	-0.304192
-0.00604308	-0.285264	-0.121968
-0.00602041	-0.04424	0.091728
-0.00599773	0.392112	0.307552
-0.00597506	0.860608	0.483504
-0.00595238	1.19806	0.571648
-0.00592971	1.36707	0.539952
-0.00590703	1.36371	0.389872
-0.00588435	1.20669	0.165088
-0.00586168	0.934864	-0.098224
-0.005839	0.607264	-0.342384
-0.00581633	0.235872	-0.50624
-0.00579365	-0.139888	-0.563808
-0.00577098	-0.491008	-0.50792
-0.0057483	-0.885136	-0.367136
-0.00572562	-1.29024	-0.1904
-0.00570295	-1.59219	-0.02296
-0.00568027	-1.69075	0.113456
-0.0056576	-1.65357	0.20888
-0.00563492	-1.54907	0.254016
-0.00561224	-1.45443	0.246512
-0.00558957	-1.41635	0.189168
-0.00556689	-1.47347	0.093296
-0.00554422	-1.61235	-0.023632
-0.00552154	-1.86368	-0.140896
-0.00549887	-2.04299	-0.235984
-0.00547619	-2.03784	-0.287504
-0.00545351	-2.03739	-0.276304
-0.00543084	-2.03616	-0.19824
-0.00540816	-2.03638	-0.070896
-0.00538549	-2.03851	0.07952
-0.00536281	-2.04333	0.219296
-0.00534014	-1.86962	0.318416
-0.00531746	-1.60328	0.36008
-0.00529478	-1.40941	0.337344
-0.00527211	-1.27859	0.2548
-0.00524943	-1.2367	0.131824
-0.00522676	-1.34501	-0.009632
-0.00520408	-1.63923	-0.153216
-0.00518141	-1.97803	-0.2772
-0.00515873	-2.05038	-0.35448
-0.00513605	-2.02989	-0.359856
-0.00511338	-2.03381	-0.282352
-0.0050907	-2.02698	-0.135184
-0.00506803	-2.02182	0.050624
-0.00504535	-2.03246	0.233296
-0.00502268	-1.85046	0.372288
-0.005	-1.51502	0.443408
-0.00497732	-1.22741	0.434784
-0.00495465	-0.89488	0.357504
-0.00493197	-0.515312	0.245392
-0.0049093	-0.092848	0.137088
-0.00488662	0.23464	0.058128
-0.00486395	0.412944	0.008848
-0.00484127	0.51912	-0.014224
-0.00481859	0.577696	-0.014896
-0.00479592	0.620928	0.000672
-0.00477324	0.663488	0.026544
-0.00475057	0.710416	0.054656
-0.00472789	0.757232	0.078064
-0.00470522	0.7952	0.090832
-0.00468254	0.817824	0.089488
-0.00465986	0.821184	0.073472
-0.00463719	0.805056	0.046256
-0.00461451	0.7728	0.013888
-0.00459184	0.731696	-0.01624
-0.00456916	0.690704	-0.037408
-0.00454649	0.658896	-0.044352
-0.00452381	0.644112	-0.03528
-0.00450113	0.65072	-0.012096
-0.00447846	0.677936	0.020832
-0.00445578	0.719712	0.05544
-0.00443311	0.766192	0.084336
-0.00441043	0.806512	0.100576
-0.00438776	0.831488	0.099792
-0.00436508	0.835184	0.082096
-0.0043424	0.816144	0.05096
-0.00431973	0.779184	0.01344
-0.00429705	0.731136	-0.022064
-0.00427438	0.683088	-0.047264
-0.0042517	0.64568	-0.056
-0.00422902	0.627312	-0.046256
-0.00420635	0.633472	-0.019824
-0.00418367	0.664496	0.01792
-0.004161	0.71288	0.058464
-0.00413832	0.767312	0.092624
-0.00411565	0.815136	0.112224
-0.00409297	0.844816	0.112448
-0.00407029	0.850192	0.092624
-0.00404762	0.829472	0.056672
-0.00402494	0.786688	0.013104
-0.00400227	0.731584	-0.028672
-0.00397959	0.675472	-0.058352
-0.00395692	0.63056	-0.069328
-0.00393424	0.6076	-0.059248
-0.00391156	0.613088	-0.02912
-0.00388889	0.64792	0.014224
-0.00386621	0.704256	0.061712
-0.00384354	0.768096	0.102256
-0.00382086	0.824544	0.126
-0.00379819	0.860608	0.127456
-0.00377551	0.868	0.105168
-0.00375283	0.845264	0.064064
-0.00373016	0.796656	0.013552
-0.00370748	0.732704	-0.035504
-0.00368481	0.667072	-0.07112
-0.00366213	0.613536	-0.085344
-0.00363946	0.584304	-0.074592
-0.00361678	0.588224	-0.040656
-0.0035941	0.627424	0.00952
-0.00357143	0.69272	0.064848
-0.00354875	0.76776	0.112672
-0.00352608	0.834848	0.142128
-0.0035034	0.878528	0.145264
-0.00348073	0.889616	0.120848
-0.00345805	0.864752	0.073808
-0.00343537	0.809312	0.014672
-0.0034127	0.735616	-0.042784
-0.00339002	0.658448	-0.085904
-0.00336735	0.59416	-0.10416
-0.00334467	0.556304	-0.093296
-0.003322	0.556528	-0.055328
-0.00329932	0.599984	0.002016
-0.00327664	0.676368	0.06664
-0.00325397	0.76496	0.12432
-0.00323129	0.845488	0.160496
-0.00320862	0.89936	0.166544
-0.00318594	0.91504	0.140224
-0.00316327	0.888944	0.086688
-0.00314059	0.826448	0.018256
-0.00311791	0.740992	-0.050176
-0.00309524	0.650496	-0.102256
-0.00307256	0.572544	-0.126112
-0.00304989	0.52248	-0.116144
-0.00302721	0.514752	-0.07448
-0.00300454	0.560784	-0.009072
-0.00298186	0.65016	0.06664
-0.00295918	0.756672	0.135744
-0.00293651	0.85456	0.181776
-0.00291383	0.922432	0.192976
-0.00289116	0.94584	0.16576
-0.00286848	0.92064	0.105392
-0.0028458	0.850864	0.025536
-0.00282313	0.752192	-0.056
-0.00280045	0.64512	-0.120064
-0.00277778	0.549584	-0.152096
-0.0027551	0.481264	-0.14504
-0.00273243	0.458192	-0.100576
-0.00270975	0.500192	-0.02744
-0.00268707	0.60424	0.060704
-0.0026644	0.735392	0.14504
-0.00264172	0.857472	0.20496
-0.00261905	0.946176	0.225344
-0.00259637	0.983696	0.200256
-0.0025737	0.962192	0.134064
-0.00255102	0.887264	0.041328
-0.00252834	0.774592	-0.056784
-0.00250567	0.647472	-0.137872
-0.00248299	0.528864	-0.182896
-0.00246032	0.432432	-0.182672
-0.00243764	0.383824	-0.138208
-0.00241497	0.410032	-0.057568
-0.00239229	0.52136	0.044128
-0.00236961	0.685216	0.147168
-0.00234694	0.843696	0.22792
-0.00232426	0.964544	0.26488
-0.00230159	1.02715	0.248192
-0.00227891	1.01741	0.177744
-0.00225624	0.940576	0.070784
-0.00223356	0.814464	-0.047712
-0.00221088	0.663712	-0.15232
-0.00218821	0.515088	-0.2184
-0.00216553	0.381136	-0.2324
-0.00214286	0.292768	-0.192864
-0.00212018	0.289296	-0.107968
-0.00209751	0.387744	0.007504
-0.00207483	0.579712	0.132496
-0.00205215	0.793184	0.241696
-0.00202948	0.963536	0.306208
-0.0020068	1.06781	0.308336
-0.00198413	1.08786	0.244496
-0.00196145	1.02256	0.12824
-0.00193878	0.887264	-0.014336
-0.0019161	0.711088	-0.150864
-0.00189342	0.526064	-0.249648
-0.00187075	0.344736	-0.289744
-0.00184807	0.198688	-0.265552
-0.0018254	0.14392	-0.182224
-0.00180272	0.207424	-0.054432
-0.00178005	0.397712	0.094976
-0.00175737	0.673232	0.23912
-0.00173469	0.92344	0.344848
-0.00171202	1.09446	0.382368
-0.00168934	1.16782	0.338464
-0.00166667	1.13243	0.220864
-0.00164399	1.00195	0.055216
-0.00162132	0.802592	-0.120736
-0.00159864	0.577696	-0.266336
-0.00157596	0.342496	-0.349664
-0.00155329	0.12152	-0.356272
-0.00153061	-0.01512	-0.28728
-0.00150794	-0.01568	-0.154224
-0.00148526	0.13664	0.019376
-0.00146259	0.436912	0.203056
-0.00143991	0.79464	0.361984
-0.00141723	1.07296	0.45584
-0.00139456	1.23446	0.455168
-0.00137188	1.26336	0.355488
-0.00134921	1.16133	0.176624
-0.00132653	0.954688	-0.040656
-0.00130385	0.6888	-0.247072
-0.00128118	0.4004	-0.395024
-0.0012585	0.091056	-0.456064
-0.00123583	-0.153216	-0.422128
-0.00121315	-0.286832	-0.300272
-0.00119048	-0.2828	-0.11704
-0.0011678	-0.035168	0.097104
-0.00114512	0.404208	0.312592
-0.00112245	0.871136	0.487088
-0.00109977	1.20445	0.572432
-0.0010771	1.36909	0.537488
-0.00105442	1.36125	0.384944
-0.00103175	1.20109	0.158816
-0.00100907	0.927248	-0.104944
-0.000986395	0.598528	-0.347648
-0.000963719	0.22624	-0.509264
-0.000941043	-0.148512	-0.56392
-0.000918367	-0.500416	-0.505456
-0.000895692	-0.89544	-0.362992
-0.000873016	-1.29942	-0.186032
-0.00085034	-1.5969	-0.019264
-0.000827664	-1.69086	0.116144
-0.000804989	-1.65122	0.210448
-0.000782313	-1.54594	0.254688
-0.000759637	-1.45253	0.245392
-0.000736961	-1.41635	0.18704
-0.000714286	-1.47571	0.090272
-0.00069161	-1.61706	-0.026992
-0.000668934	-1.87018	-0.143696
-0.000646259	-2.04456	-0.238
-0.000623583	-2.03739	-0.288064
-0.000600907	-2.03762	-0.275744
-0.000578231	-2.03594	-0.197792
-0.000555556	-2.03616	-0.069552
-0.00053288	-2.03862	0.0812
-0.000510204	-2.0421	0.220192
-0.000487528	-1.86435	0.318304
-0.000464853	-1.59869	0.358512
-0.000442177	-1.40594	0.334208
-0.000419501	-1.2759	0.250432
-0.000396825	-1.23514	0.126896
-0.00037415	-1.34512	-0.014672
-0.000351474	-1.6427	-0.157696
-0.000328798	-1.98072	-0.280784
-0.000306122	-2.05016	-0.356944
-0.000283447	-2.02944	-0.361312
-0.000260771	-2.0337	-0.282464
-0.000238095	-2.02675	-0.134736
-0.00021542	-2.02205	0.051072
-0.000192744	-2.03235	0.233408
-0.000170068	-1.84744	0.37184
-0.000147392	-1.51267	0.441728
-0.000124717	-1.22472	0.431984
-0.000102041	-0.891632	0.354144
-7.93651e-05	-0.510384	0.241696
-5.66893e-05	-0.087584	0.133952
-3.40136e-05	0.23744	0.05544
-1.13379e-05	0.4144	0.00672
1.13379e-05	0.519568	-0.015904
3.40136e-05	0.577248	-0.016688
5.66893e-05	0.620032	-0.001232
7.93651e-05	0.662144	0.024304
0.000102041	0.708736	0.052304
0.000124717	0.755104	0.075824
0.000147392	0.792848	0.088592
0.000170068	0.815584	0.087024
0.000192744	0.818944	0.07112
0.00021542	0.802704	0.044128
0.000238095	0.77056	0.011984
0.000260771	0.729456	-0.018032
0.000283447	0.688688	-0.0392
0.000306122	0.657664	-0.04592
0.000328798	0.642768	-0.037072
0.000351474	0.649152	-0.013776
0.00037415	0.676368	0.01848
0.000396825	0.717696	0.053088
0.000419501	0.764064	0.081872
0.000442177	0.80416	0.098
0.000464853	0.829136	0.097328
0.000487528	0.832384	0.079632
0.000510204	0.813792	0.048608
0.00053288	0.776944	0.011312
0.000555556	0.729232	-0.02408
0.000578231	0.681408	-0.048832
0.000600907	0.644112	-0.057456
0.000623583	0.625968	-0.047824
0.000646259	0.632352	-0.021616
0.000668934	0.663152	0.016128
0.00069161	0.711312	0.056448
0.000714286	0.765184	0.090272
0.000736961	0.812672	0.10976
0.000759637	0.842128	0.109872
0.000782313	0.84728	0.090048
0.000804989	0.82656	0.05432
0.000827664	0.784224	0.010752
0.00085034	0.729232	-0.03024
0.000873016	0.673456	-0.05992
0.000895692	0.629328	-0.071008
0.000918367	0.606144	-0.060928
0.000941043	0.6132	-0.029568
0.000963719	0.649264	0.014784
0.000986395	0.704928	0.061712
0.00100907	0.768432	0.10192
0.00103175	0.824096	0.12544
0.00105442	0.859712	0.126448
0.0010771	0.86688	0.104272
0.00109977	0.844032	0.063504
0.00112245	0.79576	0.013104
0.00114512	0.732256	-0.035392
0.0011678	0.667184	-0.070672
0.00119048	0.614096	-0.084672
0.00121315	0.585424	-0.073584
0.00123583	0.58968	-0.03976
0.0012585	0.628768	0.009856
0.00128118	0.69384	0.065072
0.00130385	0.768096	0.112448
0.00132653	0.834736	0.141344
0.00134921	0.877856	0.144368
0.00137188	0.888272	0.119616
0.00139456	0.86352	0.073024
0.00141723	0.808416	0.014336
0.00143991	0.735056	-0.042784
0.00146259	0.658672	-0.08512
0.00148526	0.595168	-0.103152
0.00150794	0.558096	-0.092176
0.00153061	0.55888	-0.054096
0.00155329	0.602	0.003024
0.00157596	0.677824	0.0672
0.00159864	0.765968	0.124096
0.00162132	0.845488	0.159712
0.00164399	0.8988	0.165312
0.00166667	0.913696	0.139104
0.00168934	0.887712	0.085792
0.00171202	0.825552	0.017584
0.00173469	0.740432	-0.050176
0.00175737	0.650608	-0.101584
0.00178005	0.573664	-0.12488
0.00180272	0.524496	-0.1148
0.0018254	0.517664	-0.073136
0.00184807	0.563808	-0.00784
0.00187075	0.652736	0.067088
0.00189342	0.758128	0.135744
0.0019161	0.85512	0.18088
0.00193878	0.921872	0.19152
0.00196145	0.944832	0.16408
0.00198413	0.918624	0.103936
0.0020068	0.849184	0.024528
0.00202948	0.751184	-0.056224
0.00205215	0.645008	-0.11928
0.00207483	0.55048	-0.150752
0.00209751	0.483392	-0.14336
0.00212018	0.461664	-0.09856
0.00214286	0.504896	-0.025648
0.00216553	0.608496	0.061824
0.00218821	0.737968	0.145152
0.00221088	0.85848	0.2044
0.00223356	0.945616	0.223888
0.00225624	0.981792	0.198128
0.00227891	0.959952	0.131824
0.00230159	0.884688	0.039536
0.00232426	0.772576	-0.057456
0.00234694	0.646688	-0.137312
0.00236961	0.528976	-0.181328
0.00239229	0.434784	-0.18032
0.00241497	0.38808	-0.135184
0.00243764	0.416192	-0.054992
0.00246032	0.528304	0.046032
0.00248299	0.690144	0.147952
0.00250567	0.84616	0.227472
0.00252834	0.965216	0.262976
0.00255102	1.02491	0.244832
0.0025737	1.01528	0.175728
0.00259637	0.939456	0.070224
0.00261905	0.813344	-0.047376
0.00264172	0.663824	-0.150304
0.0026644	0.51688	-0.21504
0.00268707	0.385056	-0.227808
0.00270975	0.299712	-0.187488
0.00273243	0.298256	-0.102368
0.0027551	0.398608	0.012544
0.00277778	0.590128	0.136752
0.00280045	0.80024	0.244048
0.00282313	0.967344	0.306432
0.0028458	1.0687	0.306768
0.00286848	1.08618	0.242256
0.00289116	1.01976	0.126
0.00291383	0.884128	-0.015456
0.00293651	0.709072	-0.150192
0.00295918	0.526288	-0.246736
0.00298186	0.347312	-0.284704
0.00300454	0.20496	-0.258944
0.00302721	0.154	-0.174944
0.00304989	0.220528	-0.047936
0.00307256	0.41272	0.100576
0.00309524	0.68544	0.242816
0.00311791	0.930496	0.34608
0.00314059	1.09693	0.3808
0.00316327	1.16648	0.334768
0.00318594	1.1284	0.216608
0.00320862	0.996352	0.051856
0.00323129	0.798	-0.121856
0.00325397	0.575232	-0.264656
0.00327664	0.34216	-0.344848
0.00329932	0.125776	-0.349216
0.003322	-0.0056	-0.278544
0.00334467	-0.000896	-0.145152
0.00336735	0.154896	0.02744
0.00339002	0.456176	0.208992
0.0034127	0.808416	0.365008
0.00343537	1.07957	0.454944
0.00345805	1.23502	0.450912
0.00348073	1.25877	0.349104
0.0035034	1.15416	0.17024
0.00352608	0.946848	-0.045248
0.00354875	0.682752	-0.247968
0.00357143	0.39648	-0.392
0.0035941	0.091392	-0.449232
0.00361678	-0.14616	-0.41216
0.00363946	-0.268128	-0.288736
0.00366213	-0.238448	-0.10416
0.00368481	0.024304	0.11144
0.00370748	0.45976	0.325584
0.00373016	0.910336	0.494368
0.00375283	1.22349	0.57176
0.00377551	1.37312	0.527408
0.00379819	1.35218	0.36904
0.00382086	1.18216	0.138992
0.00384354	0.902048	-0.125328
0.00386621	0.5712	-0.361648
0.00388889	0.197232	-0.514192
0.00391156	-0.172256	-0.558768
0.00393424	-0.52192	-0.491232
0.00395692	-0.912576	-0.344064
0.00397959	-1.30189	-0.165648
0.00400227	-1.58211	0
0.00402494	-1.66432	0.131712
0.00404762	-1.61862	0.219856
0.00407029	-1.51693	0.25704
0.00409297	-1.43394	0.2408
0.00411565	-1.41434	0.174384
0.00413832	-1.48893	0.073248
0.004161	-1.6455	-0.044576
0.00418367	-1.90736	-0.159152
0.00420635	-2.04938	-0.248192
0.00422902	-2.03515	-0.289856
0.0042517	-2.03795	-0.267568
0.00427438	-2.03605	-0.181216
0.00429705	-2.03515	-0.0476
0.00431973	-2.04221	0.103264
0.0043424	-2.03022	0.23744
0.00436508	-1.82482	0.327712
0.00438776	-1.56576	0.3584
0.00441043	-1.38421	0.3248
0.00443311	-1.26448	0.23408
0.00445578	-1.24398	0.106624
0.00447846	-1.38096	-0.036064
0.00450113	-1.70374	-0.17808
0.00452381	-2.01096	-0.29568
0.00454649	-2.04478	-0.362432
0.00456916	-2.03022	-0.354256
0.00459184	-2.03325	-0.263536
0.00461451	-2.02507	-0.10752
0.00463719	-2.02462	0.080752
0.00465986	-2.02283	0.258384
0.00468254	-1.79726	0.387408
0.00470522	-1.46608	0.445536
0.00472789	-1.17835	0.423584
0.00475057	-0.83608	0.338128
0.00477324	-0.447552	0.224112
0.00479592	-0.027552	0.11984
0.00481859	0.2716	0.046256
0.00484127	0.433776	0.001792
0.00486395	0.53088	-0.017024
0.00488662	0.584416	-0.015008
0.0049093	0.626752	0.0028
0.00493197	0.669648	0.02912
0.00495465	0.7168	0.056896
0.00497732	0.762384	0.078848
0.005	0.798	0.089488
0.00502268	0.817488	0.08568
0.00504535	0.8176	0.067424
0.00506803	0.798336	0.039312
0.0050907	0.7644	0.006944
0.00511338	0.72296	-0.022176
0.00513605	0.683088	-0.041216
0.00515873	0.653968	-0.045248
0.00518141	0.642544	-0.033824
0.00520408	0.652736	-0.00896
0.00522676	0.68264	0.024528
0.00524943	0.725648	0.058688
0.00527211	0.771568	0.08568
0.00529478	0.809648	0.099008
0.00531746	0.831152	0.095648
0.00534014	0.830816	0.075264
0.00536281	0.808864	0.042896
0.00538549	0.76944	0.005152
0.00540816	0.721168	-0.028896
0.00543084	0.674688	-0.051408
0.00545351	0.639968	-0.057232
0.00547619	0.62552	-0.044464
0.00549887	0.63616	-0.015792
0.00552154	0.67032	0.022848
0.00554422	0.72016	0.06272
0.00556689	0.774032	0.09464
0.00558957	0.818944	0.111104
0.00561224	0.844928	0.107968
0.00563492	0.845936	0.085232
0.0056576	0.821184	0.047824
0.00568027	0.776048	0.004256
0.00570295	0.72016	-0.036064
0.00572562	0.665392	-0.062944
0.0057483	0.62384	-0.07056
0.00577098	0.60536	-0.056784
0.00579365	0.616112	-0.023856
0.00581633	0.654864	0.020384
0.005839	0.713104	0.066976
0.00586168	0.77616	0.105168
0.00588435	0.829696	0.12544
0.00590703	0.861168	0.122752
0.00592971	0.86352	0.096992
0.00595238	0.83608	0.054208
0.00597506	0.784336	0.003248
0.00599773	0.719712	-0.044128
0.00602041	0.65576	-0.076384
0.00604308	0.605584	-0.086464
0.00606576	0.581616	-0.071568
0.00608844	0.591584	-0.034832
0.00611111	0.635712	0.016576
0.00613379	0.703472	0.071232
0.00615646	0.777616	0.116592
0.00617914	0.841232	0.141792
0.00620181	0.879984	0.140336
0.00622449	0.884688	0.111664
0.00624717	0.854448	0.06216
0.00626984	0.79576	0.002912
0.00629252	0.720832	-0.052864
0.00631519	0.645344	-0.091952
0.00633787	0.584752	-0.105392
0.00636054	0.553056	-0.090048
0.00638322	0.560448	-0.048384
0.0064059	0.610176	0.010864
0.00642857	0.68936	0.074928
0.00645125	0.777392	0.129248
0.00647392	0.853888	0.160944
0.0064966	0.9016	0.161504
0.00651927	0.910448	0.130256
0.00654195	0.87808	0.073696
0.00656463	0.810992	0.004256
0.0065873	0.723968	-0.0616
0.00660998	0.634928	-0.109536
0.00663265	0.561456	-0.12768
0.00665533	0.517888	-0.112112
0.006678	0.518896	-0.065968
0.00670068	0.572992	0.00168
0.00672336	0.666512	0.076832
0.00674603	0.772352	0.142576
0.00676871	0.865424	0.183008
0.00679138	0.926464	0.187936
0.00681406	0.941696	0.154672
0.00683673	0.908096	0.09016
0.00685941	0.833168	0.009296
0.00688209	0.732256	-0.069776
0.00690476	0.626976	-0.128912
0.00692744	0.535472	-0.15456
0.00695011	0.47376	-0.140672
0.00697279	0.461216	-0.091056
0.00699546	0.514976	-0.014448
0.00701814	0.625408	0.073696
0.00704082	0.755664	0.154336
0.00706349	0.872592	0.208208
0.00708617	0.952896	0.220864
0.00710884	0.980336	0.188272
0.00713152	0.9492	0.116816
0.0071542	0.866992	0.022288
0.00717687	0.750624	-0.073808
0.00719955	0.624736	-0.149072
0.00722222	0.509824	-0.186256
0.0072449	0.420784	-0.178192
0.00726757	0.384048	-0.127008
0.00729025	0.425264	-0.042336
0.00731293	0.548464	0.060032
0.0073356	0.714336	0.16184
0.00735828	0.867888	0.236432
0.00738095	0.97832	0.263872
0.00740363	1.02827	0.237664
0.0074263	1.00778	0.161168
0.00744898	0.922096	0.05208
0.00747166	0.790384	-0.06552
0.00749433	0.639408	-0.163856
0.00751701	0.49392	-0.220976
0.00753968	0.36624	-0.225456
0.00756236	0.291536	-0.177408
0.00758503	0.3052	-0.086464
0.00760771	0.421792	0.031696
0.00763039	0.622384	0.15512
0.00765306	0.828912	0.257376
0.00767574	0.987952	0.311472
0.00769841	1.07722	0.301168
0.00772109	1.08147	0.227248
0.00774376	1.00285	0.105056
0.00776644	0.858704	-0.037968
0.00778912	0.680512	-0.168672
0.00781179	0.496832	-0.257376
0.00783447	0.319984	-0.285824
0.00785714	0.18816	-0.250544
0.00787982	0.154	-0.15848
0.00790249	0.239568	-0.026096
0.00792517	0.450128	0.123536
0.00794785	0.726208	0.262304
0.00797052	0.961408	0.356944
0.0079932	1.11462	0.37968
0.00801587	1.16782	0.321552
0.00803855	1.11418	0.193872
0.00806122	0.969248	0.024864
0.0080839	0.764176	-0.14728
0.00810658	0.539056	-0.282352
0.00812925	0.304528	-0.35168
0.00815193	0.095984	-0.344064
0.0081746	-0.017472	-0.262528
0.00819728	0.009744	-0.121296
0.00821995	0.18928	0.055104
0.00824263	0.508144	0.235648
0.00826531	0.855904	0.384496
0.00828798	1.11093	0.461776
0.00831066	1.2479	0.4424
0.00833333	1.25138	0.326704
0.00835601	1.12896	0.138992
0.00837868	0.90888	-0.078512
0.00840136	0.639856	-0.27552
0.00842404	0.348768	-0.407792
0.00844671	0.04592	-0.451024
0.00846939	-0.175392	-0.4004
0.00849206	-0.282464	-0.265104
0.00851474	-0.225344	-0.074032
0.00853741	0.069664	0.14336
0.00856009	0.521808	0.354032
0.00858277	0.962416	0.512512
0.00860544	1.25406	0.574
0.00862812	1.38085	0.512176
0.00865079	1.33683	0.340704
0.00867347	1.1489	0.103488
0.00869615	0.85792	-0.161392
0.00871882	0.522032	-0.388752
0.0087415	0.142576	-0.527744
0.00876417	-0.221536	-0.556304
0.00878685	-0.5768	-0.475552
0.00880952	-0.97384	-0.320992
0.0088322	-1.36058	-0.142464
0.00885488	-1.61437	0.018928
0.00887755	-1.67283	0.145152
0.00890023	-1.61504	0.227472
0.0089229	-1.50965	0.257824
0.00894558	-1.43091	0.235536
0.00896825	-1.41938	0.165984
0.00899093	-1.50259	0.062048
0.00901361	-1.67194	-0.057008
0.00903628	-1.9357	-0.16968
0.00905896	-2.05106	-0.254128
0.00908163	-2.03437	-0.289072
0.00910431	-2.03795	-0.258944
0.00912698	-2.03638	-0.165872
0.00914966	-2.03437	-0.028448
0.00917234	-2.04534	0.122304
0.00919501	-2.01667	0.252448
0.00921769	-1.79088	0.336336
0.00924036	-1.54	0.359744
0.00926304	-1.3664	0.318752
0.00928571	-1.25574	0.222096
0.00930839	-1.25362	0.09184
0.00933107	-1.41378	-0.052192
0.00935374	-1.75347	-0.192864
0.00937642	-2.02944	-0.305872
0.00939909	-2.0403	-0.364336
0.00942177	-2.03157	-0.345632
0.00944444	-2.03246	-0.245504
0.00946712	-2.02362	-0.082992
0.0094898	-2.02787	0.106512
0.00951247	-2.00928	0.28
0.00953515	-1.75269	0.401184
0.00955782	-1.42811	0.449232
0.0095805	-1.13658	0.417984
0.00960317	-0.78792	0.326256
0.00962585	-0.392	0.211344
0.00964853	0.021728	0.11032
0.0096712	0.298928	0.040544
0.00969388	0.450464	-0.000896
0.00971655	0.540176	-0.0168
0.00973923	0.590688	-0.012096
0.0097619	0.633136	0.00728
0.00978458	0.67648	0.034272
0.00980726	0.72408	0.061936
0.00982993	0.76888	0.082992
0.00985261	0.803152	0.092064
0.00987528	0.820624	0.086016
0.00989796	0.818272	0.066304
0.00992063	0.796544	0.037072
0.00994331	0.76104	0.004592
0.00996599	0.71904	-0.023744
0.00998866	0.679728	-0.041216
0.0100113	0.652512	-0.043568
0.010034	0.64344	-0.030016
0.0100567	0.65632	-0.003472
0.0100794	0.6888	0.030688
0.010102	0.732816	0.064512
0.0101247	0.778848	0.090384
0.0101474	0.815248	0.10192
0.0101701	0.834288	0.095984
0.0101927	0.831488	0.073808
0.0102154	0.806624	0.039984
0.0102381	0.76552	0.002352
0.0102608	0.716464	-0.031024
0.0102834	0.670656	-0.051856
0.0103061	0.637728	-0.055328
0.0103288	0.62608	-0.040208
0.0103515	0.64008	-0.009744
0.0103741	0.676928	0.02968
0.0103968	0.728336	0.069216
0.0104195	0.782208	0.100128
0.0104422	0.825552	0.114352
0.0104649	0.848736	0.108416
0.0104875	0.846384	0.083216
0.0105102	0.816592	0.042448
0.0105329	0.768656	-0.001904
0.0105556	0.71232	-0.040992
0.0105782	0.658112	-0.065968
0.0106009	0.618912	-0.07056
0.0106236	0.604016	-0.054208
0.0106463	0.618576	-0.019264
0.0106689	0.660912	0.02632
0.0106916	0.72072	0.0728
0.0107143	0.783888	0.1092
0.010737	0.835296	0.126672
0.0107596	0.863408	0.120848
0.0107823	0.862064	0.0924
0.010805	0.830592	0.047488
0.0108277	0.77616	-0.00392
0.0108503	0.710528	-0.049952
0.010873	0.647136	-0.079856
0.0108957	0.599648	-0.0868
0.0109184	0.579488	-0.068768
0.010941	0.59416	-0.029232
0.0109637	0.642544	0.023632
0.0109864	0.712432	0.078176
0.0110091	0.786912	0.121632
0.0110317	0.848288	0.143584
0.0110544	0.88312	0.138544
0.0110771	0.883232	0.1064
0.0110998	0.848512	0.054656
0.0111224	0.786352	-0.005152
0.0111451	0.709856	-0.059584
0.0111678	0.635152	-0.095984
0.0111905	0.577808	-0.10584
0.0112132	0.54992	-0.086576
0.0112358	0.563024	-0.041888
0.0112585	0.617904	0.019264
0.0112812	0.700112	0.083328
0.0113039	0.78848	0.135632
0.0113265	0.862624	0.16352
0.0113492	0.905968	0.159712
0.0113719	0.909104	0.124656
0.0113946	0.871248	0.065296
0.0114172	0.800352	-0.005264
0.0114399	0.71176	-0.070224
0.0114626	0.623168	-0.114464
0.0114853	0.55216	-0.128688
0.0115079	0.513296	-0.108752
0.0115306	0.521024	-0.059024
0.0115533	0.581952	0.0112
0.011576	0.67928	0.086688
0.0115986	0.785792	0.150192
0.0116213	0.876512	0.186816
0.011644	0.932064	0.186256
0.0116667	0.941248	0.1484
0.0116893	0.901488	0.08064
0.011712	0.821296	-0.00168
0.0117347	0.718256	-0.079744
0.0117574	0.612864	-0.135296
0.01178	0.523936	-0.156016
0.0118027	0.466928	-0.137088
0.0118254	0.461888	-0.082992
0.0118481	0.52472	-0.003808
0.0118707	0.640976	0.085232
0.0118934	0.772016	0.164192
0.0119161	0.88648	0.213472
0.0119388	0.961072	0.220304
0.0119615	0.981008	0.181888
0.0119841	0.942704	0.105728
0.0120068	0.854336	0.009184
0.0120295	0.734608	-0.085904
0.0120522	0.608384	-0.157472
0.0120748	0.494928	-0.189392
0.0120975	0.410256	-0.17528
0.0121202	0.381808	-0.11872
0.0121429	0.433776	-0.030352
0.0121655	0.56672	0.073808
0.0121882	0.733712	0.172704
0.0122109	0.88312	0.24192
0.0122336	0.988176	0.2632
0.0122562	1.0295	0.229824
0.0122789	0.999936	0.147728
0.0123016	0.907088	0.03528
0.0123243	0.770224	-0.081872
0.0123469	0.618352	-0.176848
0.0123696	0.472752	-0.228032
0.0123923	0.348096	-0.22568
0.012415	0.282688	-0.17136
0.0124376	0.308448	-0.075376
0.0124603	0.438592	0.04536
0.012483	0.64624	0.16856
0.0125057	0.850416	0.266672
0.0125283	1.00296	0.3136
0.012551	1.08304	0.295232
0.0125737	1.07621	0.213584
0.0125964	0.987952	0.08624
0.012619	0.83664	-0.057792
0.0126417	0.655536	-0.185808
0.0126644	0.470736	-0.26824
0.0126871	0.294784	-0.28896
0.0127098	0.171584	-0.24584
0.0127324	0.150976	-0.147056
0.0127551	0.252672	-0.010192
0.0127778	0.477792	0.140784
0.0128005	0.756224	0.27664
0.0128231	0.984368	0.364112
0.0128458	1.12739	0.377328
0.0128685	1.16782	0.309456
0.0128912	1.10174	0.173824
0.0129138	0.9464	0.000896
0.0129365	0.735616	-0.169344
0.0129592	0.507696	-0.298704
0.0129819	0.271264	-0.359408
0.0130045	0.068768	-0.342272
0.0130272	-0.030128	-0.252336
0.0130499	0.015344	-0.10416
0.0130726	0.21448	0.0756
0.0130952	0.547456	0.255584
0.0131179	0.89152	0.399056
0.0131406	1.13456	0.465808
0.0131633	1.25765	0.434448
0.0131859	1.24443	0.30744
0.0132086	1.10779	0.112224
0.0132313	0.877072	-0.107072
0.013254	0.603568	-0.2996
0.0132766	0.306768	-0.422912
0.0132993	0.005376	-0.45528
0.013322	-0.20328	-0.393008
0.0133447	-0.303744	-0.249088
0.0133673	-0.230608	-0.052976
0.01339	0.0896	0.1652
0.0134127	0.556192	0.372848
0.0134354	0.993328	0.524496
0.013458	1.2731	0.575008
0.0134807	1.3851	0.50064
0.0135034	1.32597	0.320544
0.0135261	1.12571	0.07896
0.0135488	0.828576	-0.186256
0.0135714	0.488096	-0.408016
0.0135941	0.105392	-0.538384
0.0136168	-0.256256	-0.556752
0.0136395	-0.61768	-0.467376
0.0136621	-1.02256	-0.308896
0.0136848	-1.40874	-0.131152
0.0137075	-1.64461	0.027328
0.0137302	-1.68538	0.15288
0.0137528	-1.61773	0.232288
0.0137755	-1.50886	0.25928
0.0137982	-1.43002	0.233856
0.0138209	-1.4224	0.161728
0.0138435	-1.5092	0.056112
0.0138662	-1.68504	-0.063504
0.0138889	-1.94869	-0.175504
0.0139116	-2.05106	-0.25816
0.0139342	-2.03414	-0.28952
0.0139569	-2.03806	-0.255696
0.0139796	-2.03638	-0.15904
