-0.0140023	0.354368	-0.162525
-0.0139796	0.283612	-0.149917
-0.0139569	0.265972	-0.109926
-0.0139342	0.308504	-0.047674
-0.0139116	0.409248	0.026595
-0.0138889	0.552132	0.10047
-0.0138662	0.714224	0.158782
-0.0138435	0.852404	0.189514
-0.0138209	0.924728	0.181831
-0.0137982	0.929236	0.133369
-0.0137755	0.872396	0.051811
-0.0137528	0.767144	-0.045113
-0.0137302	0.614852	-0.139082
-0.0137075	0.431004	-0.212366
-0.0136848	0.252644	-0.250584
-0.0136621	0.122108	-0.245462
-0.0136395	0.059192	-0.194833
-0.0136168	0.07546	-0.108153
-0.0135941	0.208152	0.002758
-0.0135714	0.420812	0.121549
-0.0135488	0.676592	0.225762
-0.0135261	0.912184	0.293924
-0.0135034	1.04664	0.303774
-0.0134807	1.07467	0.245659
-0.013458	1.00568	0.128247
-0.0134354	0.858676	-0.022261
-0.0134127	0.653072	-0.174345
-0.01339	0.38122	-0.299834
-0.0133673	0.107604	-0.375285
-0.0133447	-0.1764	-0.387105
-0.013322	-0.528612	-0.346917
-0.0132993	-0.924728	-0.278558
-0.0132766	-1.26204	-0.20291
-0.013254	-1.41375	-0.121549
-0.0132313	-1.42394	-0.032899
-0.0132086	-1.33966	0.055554
-0.0131859	-1.1954	0.132975
-0.0131633	-1.03802	0.186165
-0.0131406	-0.874748	0.205865
-0.0131179	-0.664832	0.194045
-0.0130952	-0.416696	0.164298
-0.0130726	-0.1323	0.131005
-0.0130499	0.190904	0.109138
-0.0130272	0.442764	0.100667
-0.0130045	0.596036	0.093772
-0.0129819	0.687568	0.0788
-0.0129592	0.723436	0.052599
-0.0129365	0.716772	0.017139
-0.0129138	0.674436	-0.023246
-0.0128912	0.608188	-0.061858
-0.0128685	0.529788	-0.092393
-0.0128458	0.454916	-0.108153
-0.0128231	0.399252	-0.105986
-0.0128005	0.37632	-0.084907
-0.0127778	0.392588	-0.04728
-0.0127551	0.448644	0.000985
-0.0127324	0.536648	0.05122
-0.0127098	0.642096	0.093969
-0.0126871	0.746172	0.120958
-0.0126644	0.820456	0.125489
-0.0126417	0.84672	0.103622
-0.012619	0.82712	0.057524
-0.0125964	0.767732	-0.004531
-0.0125737	0.671888	-0.070132
-0.012551	0.548212	-0.126671
-0.0125283	0.418656	-0.164495
-0.0125057	0.310072	-0.174345
-0.012483	0.245784	-0.153463
-0.0124603	0.24108	-0.103819
-0.0124376	0.30282	-0.032111
-0.012415	0.424144	0.049841
-0.0123923	0.586628	0.127262
-0.0123696	0.761852	0.185377
-0.0123469	0.895328	0.210002
-0.0123243	0.953344	0.190499
-0.0123016	0.939624	0.127853
-0.0122789	0.86338	0.032899
-0.0122562	0.73794	-0.073875
-0.0122336	0.563892	-0.171193
-0.0122109	0.362992	-0.241719
-0.0121882	0.1813	-0.272057
-0.0121655	0.054292	-0.253736
-0.0121429	-0.02744	-0.190499
-0.0121202	-0.036064	-0.096333
-0.0120975	0.10682	0.017336
-0.0120748	0.366716	0.138885
-0.0120522	0.66052	0.248023
-0.0120295	0.923356	0.319337
-0.0120068	1.07055	0.329187
-0.0119841	1.10074	0.265753
-0.0119615	1.02567	0.139279
-0.0119388	0.867496	-0.024231
-0.0119161	0.64582	-0.18912
-0.0118934	0.357308	-0.322883
-0.0118707	0.062328	-0.402668
-0.0118481	-0.2646	-0.416261
-0.0118254	-0.69188	-0.378043
-0.0118027	-1.15464	-0.314215
-0.01178	-1.46353	-0.236991
-0.0117574	-1.56878	-0.140067
-0.0117347	-1.53527	-0.026595
-0.011712	-1.3916	0.089044
-0.0116893	-1.1809	0.190499
-0.0116667	-0.957656	0.258858
-0.011644	-0.674436	0.286044
-0.0116213	-0.282044	0.281907
-0.0115986	0.205996	0.266541
-0.011576	0.611912	0.247038
-0.0115533	0.828492	0.209017
-0.0115306	0.891408	0.140067
-0.0115079	0.843584	0.043734
-0.0114853	0.731472	-0.064222
-0.0114626	0.5635	-0.164692
-0.0114399	0.366324	-0.238567
-0.0114172	0.185416	-0.271269
-0.0113946	0.056252	-0.256297
-0.0113719	-0.03038	-0.195818
-0.0113492	-0.049392	-0.103819
-0.0113265	0.079968	0.008471
-0.0113039	0.337512	0.13002
-0.0112812	0.633472	0.241128
-0.0112585	0.904344	0.316579
-0.0112358	1.06389	0.332142
-0.0112132	1.1027	0.274224
-0.0111905	1.03645	0.152084
-0.0111678	0.883568	-0.00985
-0.0111451	0.667772	-0.175724
-0.0111224	0.381808	-0.314215
-0.0110998	0.084868	-0.39991
-0.0110771	-0.236964	-0.418625
-0.0110544	-0.658952	-0.383756
-0.0110317	-1.12778	-0.321701
-0.0110091	-1.45314	-0.245462
-0.0109864	-1.57212	-0.149326
-0.0109637	-1.54683	-0.036642
-0.010941	-1.40904	0.080573
-0.0109184	-1.19893	0.18518
-0.0108957	-0.973728	0.257873
-0.010873	-0.694036	0.288605
-0.0108503	-0.304388	0.286438
-0.0108277	0.186984	0.271466
-0.010805	0.60466	0.252554
-0.0107823	0.829864	0.214927
-0.0107596	0.897288	0.146371
-0.010737	0.850052	0.048659
-0.0107143	0.736764	-0.062252
-0.0106916	0.567812	-0.165086
-0.0106689	0.366716	-0.241522
-0.0106463	0.181692	-0.276785
-0.0106236	0.045864	-0.262798
-0.0106009	-0.053312	-0.203107
-0.0105782	-0.089572	-0.111896
-0.0105556	0.013328	-0.001773
-0.0105329	0.270088	0.118791
-0.0105102	0.580748	0.233051
-0.0104875	0.869652	0.315003
-0.0104649	1.0533	0.339628
-0.0104422	1.10936	0.291166
-0.0104195	1.05664	0.174936
-0.0103968	0.911204	0.01379
-0.0103741	0.70168	-0.156812
-0.0103515	0.41944	-0.302789
-0.0103288	0.117208	-0.39794
-0.0103061	-0.20384	-0.425914
-0.0102834	-0.627396	-0.397546
-0.0102608	-1.11152	-0.338643
-0.0102381	-1.46118	-0.264571
-0.0102154	-1.59858	-0.169617
-0.0101927	-1.57898	-0.052796
-0.0101701	-1.44393	0.070723
-0.0101474	-1.22676	0.183013
-0.0101247	-0.98882	0.26398
-0.010102	-0.69776	0.301804
-0.0100794	-0.283024	0.304365
-0.0100567	0.235592	0.293136
-0.010034	0.661304	0.274027
-0.0100113	0.876316	0.230096
-0.00998866	0.923356	0.149523
-0.00996599	0.856324	0.03743
-0.00994331	0.720888	-0.086286
-0.00992063	0.528024	-0.197788
-0.00989796	0.304584	-0.277573
-0.00987528	0.108584	-0.309684
-0.00985261	-0.059976	-0.287423
-0.00982993	-0.225988	-0.221822
-0.00980726	-0.337904	-0.130808
-0.00978458	-0.347704	-0.029156
-0.0097619	-0.221676	0.072102
-0.00973923	0.0931	0.170996
-0.00971655	0.503132	0.264374
-0.00969388	0.84574	0.330172
-0.0096712	1.04821	0.341401
-0.00964853	1.10093	0.281119
-0.00962585	1.03802	0.155236
-0.00960317	0.883372	-0.010835
-0.0095805	0.662872	-0.181437
-0.00955782	0.3724	-0.32308
-0.00953515	0.0686	-0.410351
-0.00951247	-0.266756	-0.429854
-0.0094898	-0.714812	-0.395773
-0.00946712	-1.19717	-0.335294
-0.00944444	-1.51253	-0.257479
-0.00942177	-1.61935	-0.155827
-0.00939909	-1.57604	-0.034278
-0.00937642	-1.42022	0.091999
-0.00935374	-1.1907	0.203501
-0.00933107	-0.941192	0.280134
-0.00930839	-0.6223	0.312639
-0.00928571	-0.164444	0.31323
-0.00926304	0.36652	0.302198
-0.00924036	0.751072	0.278755
-0.00921769	0.919436	0.223792
-0.00919501	0.927668	0.129035
-0.00917234	0.83398	0.005319
-0.00914966	0.674828	-0.123913
-0.00912698	0.457856	-0.234233
-0.00910431	0.224812	-0.306138
-0.00908163	0.028224	-0.324853
-0.00905896	-0.169736	-0.289196
-0.00903628	-0.368872	-0.215912
-0.00901361	-0.512344	-0.123913
-0.00899093	-0.575064	-0.028762
-0.00896825	-0.524888	0.058312
-0.00894558	-0.351232	0.132778
-0.0089229	-0.012936	0.197
-0.00890023	0.425124	0.256691
-0.00887755	0.779884	0.298455
-0.00885488	0.983136	0.296288
-0.0088322	1.03586	0.235612
-0.00880952	0.97804	0.121155
-0.00878685	0.838096	-0.025216
-0.00876417	0.638372	-0.172375
-0.0087415	0.37632	-0.292545
-0.00871882	0.114464	-0.363859
-0.00869615	-0.147196	-0.373118
-0.00867347	-0.466676	-0.330763
-0.00865079	-0.813008	-0.258858
-0.00862812	-1.13856	-0.181043
-0.00860544	-1.31673	-0.105395
-0.00858277	-1.34946	-0.029156
-0.00856009	-1.29772	0.043931
-0.00853741	-1.19148	0.105001
-0.00851474	-1.07349	0.144992
-0.00849206	-0.965888	0.156418
-0.00846939	-0.851032	0.139673
-0.00844671	-0.733628	0.103031
-0.00842404	-0.637196	0.057327
-0.00840136	-0.571928	0.010835
-0.00837868	-0.546448	-0.029156
-0.00835601	-0.56154	-0.0591
-0.00833333	-0.615048	-0.078209
-0.00831066	-0.707364	-0.088059
-0.00828798	-0.836724	-0.092787
-0.00826531	-1.01724	-0.097712
-0.00824263	-1.19913	-0.105986
-0.00821995	-1.32457	-0.111108
-0.00819728	-1.40787	-0.104804
-0.0081746	-1.44844	-0.08471
-0.00815193	-1.44707	-0.051811
-0.00812925	-1.40787	-0.010441
-0.00810658	-1.3377	0.033096
-0.0080839	-1.25028	0.07092
-0.00806122	-1.1613	0.095151
-0.00803855	-1.08839	0.101061
-0.00801587	-1.04605	0.086089
-0.0079932	-1.04488	0.05122
-0.00797052	-1.08878	0.002364
-0.00794785	-1.17169	-0.053387
-0.00792517	-1.28223	-0.105198
-0.00790249	-1.40003	-0.143613
-0.00787982	-1.50332	-0.160161
-0.00785714	-1.5778	-0.150114
-0.00783447	-1.5976	-0.113472
-0.00781179	-1.55957	-0.054963
-0.00778912	-1.47	0.01576
-0.00776644	-1.33123	0.08668
-0.00774376	-1.17228	0.144401
-0.00772109	-1.02528	0.1773
-0.00769841	-0.883176	0.178088
-0.00767574	-0.717164	0.152675
-0.00765306	-0.545272	0.112881
-0.00763039	-0.376908	0.069935
-0.00760771	-0.211484	0.034869
-0.00758503	-0.029596	0.016154
-0.00756236	0.182476	0.020291
-0.00753968	0.364168	0.043931
-0.00751701	0.509208	0.073481
-0.00749433	0.635432	0.097318
-0.00747166	0.734216	0.107365
-0.00744898	0.7938	0.0985
-0.0074263	0.80556	0.06895
-0.00740363	0.776944	0.022655
-0.00738095	0.71344	-0.031914
-0.00735828	0.619556	-0.08471
-0.0073356	0.5096	-0.125883
-0.00731293	0.405524	-0.14775
-0.00729025	0.3283	-0.144795
-0.00726757	0.295176	-0.115836
-0.0072449	0.316344	-0.064616
-0.00722222	0.392196	0.000985
-0.00719955	0.511756	0.069738
-0.00717687	0.657188	0.128838
-0.0071542	0.797524	0.166465
-0.00713152	0.888468	0.172178
-0.00710884	0.914536	0.140461
-0.00708617	0.881412	0.07486
-0.00706349	0.798504	-0.011229
-0.00704082	0.672476	-0.100273
-0.00701814	0.508816	-0.17533
-0.00699546	0.338492	-0.223004
-0.00697279	0.199136	-0.232066
-0.00695011	0.120932	-0.199364
-0.00692744	0.123676	-0.129232
-0.00690476	0.2156	-0.030535
-0.00688209	0.385336	0.079785
-0.00685941	0.608384	0.182225
-0.00683673	0.837704	0.256691
-0.00681406	0.993524	0.283089
-0.00679138	1.0488	0.248614
-0.00676871	1.01273	0.156024
-0.00674603	0.896112	0.023837
-0.00672336	0.721084	-0.119973
-0.00670068	0.485296	-0.245659
-0.006678	0.221676	-0.331551
-0.00665533	-0.014308	-0.360313
-0.00663265	-0.282828	-0.331945
-0.00660998	-0.578984	-0.265556
-0.0065873	-0.863772	-0.182422
-0.00656463	-1.10681	-0.103622
-0.00654195	-1.21912	-0.03546
-0.00651927	-1.22539	0.023443
-0.0064966	-1.17737	0.069738
-0.00647392	-1.10701	0.0985
-0.00645125	-1.04586	0.105789
-0.00642857	-1.01097	0.089832
-0.0064059	-1.01489	0.052796
-0.00638322	-1.068	0.000788
-0.00636054	-1.16228	-0.058115
-0.00633787	-1.28302	-0.113078
-0.00631519	-1.41022	-0.153463
-0.00629252	-1.52174	-0.170208
-0.00626984	-1.59956	-0.158388
-0.00624717	-1.61739	-0.117609
-0.00622449	-1.57349	-0.053781
-0.00620181	-1.4749	0.022261
-0.00617914	-1.32457	0.098106
-0.00615646	-1.15366	0.159176
-0.00613379	-0.997052	0.192863
-0.00611111	-0.83104	0.193454
-0.00608844	-0.63014	0.168041
-0.00606576	-0.410424	0.13002
-0.00604308	-0.176008	0.09259
-0.00602041	0.093296	0.068753
-0.00599773	0.336924	0.064813
-0.00597506	0.497448	0.070132
-0.00595238	0.609952	0.073481
-0.00592971	0.683256	0.069147
-0.00590703	0.721672	0.054175
-0.00588435	0.725396	0.028959
-0.00586168	0.697956	-0.004531
-0.005839	0.647584	-0.0394
-0.00581633	0.580356	-0.070329
-0.00579365	0.509992	-0.091014
-0.00577098	0.450604	-0.097318
-0.0057483	0.414736	-0.08668
-0.00572562	0.410228	-0.060873
-0.00570295	0.441196	-0.023049
-0.00568027	0.5047	0.020685
-0.0056576	0.590744	0.062449
-0.00563492	0.685608	0.094757
-0.00561224	0.76832	0.109532
-0.00558957	0.816536	0.10244
-0.00556689	0.822416	0.073087
-0.00554422	0.789488	0.02561
-0.00552154	0.72128	-0.03152
-0.00549887	0.623476	-0.086286
-0.00547619	0.508424	-0.129626
-0.00545351	0.39886	-0.152872
-0.00543084	0.317716	-0.150311
-0.00540816	0.28224	-0.120367
-0.00538549	0.303996	-0.066783
-0.00536281	0.3822	0.001576
-0.00534014	0.506856	0.073481
-0.00531746	0.65856	0.135536
-0.00529478	0.805364	0.17533
-0.00527211	0.899444	0.181634
-0.00524943	0.926296	0.148538
-0.00522676	0.891604	0.079982
-0.00520408	0.805364	-0.010047
-0.00518141	0.674436	-0.102834
-0.00515873	0.5047	-0.181437
-0.00513605	0.327712	-0.23049
-0.00511338	0.181496	-0.240931
-0.0050907	0.099372	-0.207835
-0.00506803	0.10094	-0.134748
-0.00504535	0.196392	-0.032111
-0.00502268	0.373968	0.083134
-0.005	0.607012	0.190105
-0.00497732	0.846132	0.26792
-0.00495465	1.00705	0.295303
-0.00493197	1.0631	0.258858
-0.0049093	1.02488	0.162525
-0.00488662	0.902776	0.024231
-0.00486395	0.72128	-0.125489
-0.00484127	0.475888	-0.256297
-0.00481859	0.204036	-0.345538
-0.00479592	-0.04802	-0.374891
-0.00477324	-0.348488	-0.347114
-0.00475057	-0.685804	-0.281907
-0.00472789	-1.02743	-0.203698
-0.00470522	-1.26538	-0.127262
-0.00468254	-1.33907	-0.052008
-0.00465986	-1.31398	0.02167
-0.00463719	-1.22363	0.086877
-0.00461451	-1.10818	0.133566
-0.00459184	-1.00176	0.154251
-0.00456916	-0.897092	0.144795
-0.00454649	-0.78596	0.113472
-0.00452381	-0.69188	0.06895
-0.00450113	-0.63112	0.020882
-0.00447846	-0.614852	-0.023837
-0.00445578	-0.652876	-0.061267
-0.00443311	-0.74676	-0.090423
-0.00441043	-0.910812	-0.113078
-0.00438776	-1.13347	-0.134354
-0.00436508	-1.32222	-0.151296
-0.0043424	-1.44883	-0.152478
-0.00431973	-1.52586	-0.132975
-0.00429705	-1.54193	-0.091014
-0.00427438	-1.50214	-0.032702
-0.0042517	-1.40846	0.03349
-0.00422902	-1.2791	0.095151
-0.00420635	-1.14072	0.141052
-0.00418367	-1.01802	0.16154
-0.004161	-0.90552	0.152478
-0.00413832	-0.78596	0.119973
-0.00411565	-0.683844	0.073875
-0.00409297	-0.615048	0.024428
-0.00407029	-0.590548	-0.021276
-0.00404762	-0.615636	-0.058509
-0.00402494	-0.6958	-0.08668
-0.00400227	-0.83398	-0.10638
-0.00397959	-1.04252	-0.12411
-0.00395692	-1.2497	-0.140658
-0.00393424	-1.39395	-0.146765
-0.00391156	-1.4847	-0.134354
-0.00388889	-1.52076	-0.101455
-0.00386621	-1.5043	-0.051023
-0.00384354	-1.43237	0.009456
-0.00382086	-1.32104	0.069541
-0.00379819	-1.19305	0.118988
-0.00377551	-1.07212	0.146371
-0.00375283	-0.974316	0.14578
-0.00373016	-0.88004	0.119973
-0.00370748	-0.800856	0.076042
-0.00368481	-0.765184	0.024034
-0.00366213	-0.790468	-0.029747
-0.00363946	-0.89964	-0.081361
-0.00361678	-1.1025	-0.131202
-0.0035941	-1.31202	-0.174542
-0.00357143	-1.47745	-0.197985
-0.00354875	-1.59956	-0.192075
-0.00352608	-1.65032	-0.153857
-0.0035034	-1.62347	-0.08668
-0.00348073	-1.53017	-0.001182
-0.00345805	-1.37827	0.088256
-0.00343537	-1.18639	0.164692
-0.0034127	-1.00254	0.213745
-0.00339002	-0.800464	0.226353
-0.00336735	-0.536844	0.209805
-0.00334467	-0.225988	0.179467
-0.003322	0.142296	0.15169
-0.00329932	0.453152	0.134945
-0.00327664	0.635236	0.117412
-0.00325397	0.733628	0.089438
-0.00323129	0.757344	0.048856
-0.00320862	0.72716	-0.001773
-0.00318594	0.657384	-0.054963
-0.00316327	0.562912	-0.101061
-0.00314059	0.462952	-0.13199
-0.00311791	0.3773	-0.141249
-0.00309524	0.32536	-0.125883
-0.00307256	0.320264	-0.087468
-0.00304989	0.367304	-0.030929
-0.00302721	0.462364	0.034278
-0.00300454	0.590352	0.095939
-0.00298186	0.730296	0.142825
-0.00295918	0.844368	0.163904
-0.00293651	0.900424	0.151296
-0.00291383	0.897092	0.104213
-0.00289116	0.841036	0.030929
-0.00286848	0.741468	-0.053781
-0.0028458	0.601524	-0.132975
-0.00282313	0.43806	-0.192863
-0.00280045	0.28616	-0.221231
-0.00277778	0.178556	-0.21079
-0.0027551	0.140532	-0.162131
-0.00273243	0.184828	-0.080376
-0.00270975	0.310856	0.020685
-0.00268707	0.499604	0.123716
-0.0026644	0.722652	0.210002
-0.00264172	0.915712	0.260434
-0.00261905	1.01783	0.258267
-0.00259637	1.02822	0.197591
-0.0025737	0.9555	0.088847
-0.00255102	0.816144	-0.045507
-0.00252834	0.621516	-0.176512
-0.00250567	0.374752	-0.280331
-0.00248299	0.136416	-0.337264
-0.00246032	-0.080752	-0.336476
-0.00243764	-0.327124	-0.286044
-0.00241497	-0.563304	-0.206259
-0.00239229	-0.753816	-0.116624
-0.00236961	-0.885136	-0.033293
-0.00234694	-0.95256	0.031717
-0.00232426	-0.965888	0.072693
-0.00230159	-0.94178	0.088847
-0.00227891	-0.902384	0.082543
-0.00225624	-0.871808	0.058509
-0.00223356	-0.873376	0.022064
-0.00221088	-0.933352	-0.022261
-0.00218821	-1.07055	-0.072299
-0.00216553	-1.23362	-0.122534
-0.00214286	-1.3816	-0.160358
-0.00212018	-1.50646	-0.175527
-0.00209751	-1.59172	-0.163116
-0.00207483	-1.61445	-0.121943
-0.00205215	-1.57231	-0.057524
-0.00202948	-1.47372	0.020291
-0.0020068	-1.32124	0.098106
-0.00198413	-1.14895	0.160555
-0.00196145	-0.989604	0.194833
-0.00193878	-0.819084	0.195424
-0.0019161	-0.610148	0.170602
-0.00189342	-0.379456	0.133763
-0.00187075	-0.1274	0.097515
-0.00184807	0.158172	0.076042
-0.0018254	0.392392	0.071905
-0.00180272	0.541548	0.074072
-0.00178005	0.643468	0.072102
-0.00175737	0.701876	0.061267
-0.00173469	0.72422	0.039794
-0.00171202	0.71246	0.009653
-0.00168934	0.672868	-0.024822
-0.00166667	0.613284	-0.057721
-0.00164399	0.54488	-0.08274
-0.00162132	0.480396	-0.095545
-0.00159864	0.433552	-0.092984
-0.00157596	0.414344	-0.074269
-0.00155329	0.429632	-0.04137
-0.00153061	0.478632	-0.000197
-0.00150794	0.55468	0.042355
-0.00148526	0.646016	0.079194
-0.00146259	0.735588	0.102046
-0.00143991	0.800268	0.105001
-0.00141723	0.82516	0.085892
-0.00139456	0.80948	0.046689
-0.00137188	0.75754	-0.006501
-0.00134921	0.673456	-0.062646
-0.00132653	0.564872	-0.112093
-0.00130385	0.45178	-0.144795
-0.00128118	0.357112	-0.15366
-0.0012585	0.300272	-0.13593
-0.00123583	0.295568	-0.092984
-0.00121315	0.347704	-0.03152
-0.00119048	0.452172	0.0394
-0.0011678	0.59192	0.10638
-0.00114512	0.744016	0.156812
-0.00112245	0.864752	0.17927
-0.00109977	0.921004	0.163904
-0.0010771	0.913948	0.111502
-0.00105442	0.850444	0.030535
-0.00103175	0.741468	-0.061858
-0.00100907	0.589764	-0.147159
-0.000986395	0.41356	-0.210396
-0.000963719	0.251076	-0.239158
-0.000941043	0.137396	-0.226747
-0.000918367	0.10094	-0.17139
-0.000895692	0.154056	-0.080967
-0.000873016	0.294392	0.028959
-0.00085034	0.502152	0.140658
-0.000827664	0.744016	0.23246
-0.000804989	0.946092	0.284271
-0.000782313	1.04742	0.27777
-0.000759637	1.05154	0.208229
-0.000736961	0.966476	0.087862
-0.000714286	0.811832	-0.058903
-0.00069161	0.599564	-0.199364
-0.000668934	0.332416	-0.308305
-0.000646259	0.079772	-0.365238
-0.000623583	-0.18228	-0.361298
-0.000600907	-0.495684	-0.309881
-0.000578231	-0.820652	-0.233642
-0.000555556	-1.11818	-0.154645
-0.00053288	-1.27439	-0.08077
-0.000510204	-1.29713	-0.009456
-0.000487528	-1.24617	0.054963
-0.000464853	-1.15405	0.104213
-0.000442177	-1.05703	0.132384
-0.000419501	-0.975688	0.133566
-0.000396825	-0.902188	0.109335
-0.00037415	-0.84868	0.06698
-0.000351474	-0.843976	0.014775
-0.000328798	-0.913752	-0.04137
-0.000306122	-1.07761	-0.099485
-0.000283447	-1.26988	-0.153463
-0.000260771	-1.43668	-0.189908
-0.000238095	-1.5731	-0.198379
-0.00021542	-1.65071	-0.173951
-0.000192744	-1.6515	-0.117215
-0.000170068	-1.58094	-0.036248
-0.000147392	-1.4504	0.054963
-0.000124717	-1.26518	0.140461
-0.000102041	-1.07114	0.203698
-7.93651e-05	-0.88004	0.231672
-5.66893e-05	-0.630728	0.225762
-3.40136e-05	-0.327908	0.199758
-1.13379e-05	0.04018	0.170405
1.13379e-05	0.39298	0.150705
3.40136e-05	0.612304	0.132975
5.66893e-05	0.732648	0.105001
7.93651e-05	0.770672	0.063434
0.000102041	0.746172	0.010244
0.000124717	0.67816	-0.04728
0.000147392	0.57918	-0.098894
0.000170068	0.470988	-0.135733
0.000192744	0.374556	-0.150114
0.00021542	0.311248	-0.138294
0.000238095	0.29694	-0.10047
0.000260771	0.338296	-0.042355
0.000283447	0.432768	0.026792
0.000306122	0.565852	0.094954
0.000328798	0.716772	0.148932
0.000351474	0.846328	0.177103
0.00037415	0.91532	0.170011
0.000396825	0.919828	0.124504
0.000419501	0.867496	0.048856
0.000442177	0.767928	-0.041764
0.000464853	0.624848	-0.129232
0.000487528	0.451976	-0.197197
0.000510204	0.285768	-0.233051
0.00053288	0.161504	-0.22852
0.000555556	0.10878	-0.181634
0.000578231	0.14308	-0.098894
0.000600907	0.26656	0.008077
0.000623583	0.461188	0.119776
0.000646259	0.698348	0.216306
0.000668934	0.913556	0.276982
0.00069161	1.03468	0.283089
0.000714286	1.05703	0.225762
0.000736961	0.989408	0.114457
0.000759637	0.847896	-0.027383
0.000782313	0.64974	-0.170208
0.000804989	0.391608	-0.286241
0.000827664	0.13426	-0.354403
0.00085034	-0.113876	-0.361889
0.000873016	-0.413168	-0.317958
0.000895692	-0.7252	-0.244477
0.000918367	-1.02724	-0.163313
0.000941043	-1.22304	-0.088847
0.000963719	-1.27439	-0.020094
0.000986395	-1.2446	0.041764
0.00100907	-1.16679	0.090423
0.00103175	-1.0778	0.119776
0.00105442	-1.0043	0.12411
0.0010771	-0.949228	0.103031
0.00109977	-0.918652	0.062449
0.00112245	-0.943544	0.009259
0.00114512	-1.05174	-0.051417
0.0011678	-1.20756	-0.113275
0.00119048	-1.36357	-0.163707
0.00121315	-1.50567	-0.190696
0.00123583	-1.61249	-0.186756
0.0012585	-1.65483	-0.14972
0.00128118	-1.62406	-0.083922
0.00130385	-1.52958	0.000788
0.00132653	-1.3769	0.089438
0.00134921	-1.18502	0.165677
0.00137188	-1.00215	0.214336
0.00139456	-0.80164	0.226353
0.00141723	-0.54096	0.209608
0.00143991	-0.235004	0.178876
0.00146259	0.128968	0.150902
0.00148526	0.441588	0.134157
0.00150794	0.626612	0.117609
0.00153061	0.728728	0.091211
0.00155329	0.75656	0.052599
0.00157596	0.730884	0.003349
0.00159864	0.665812	-0.048265
0.00162132	0.57428	-0.094166
0.00164399	0.476476	-0.125686
0.00166667	0.391216	-0.136521
0.00168934	0.33712	-0.123716
0.00171202	0.328692	-0.087271
0.00173469	0.37044	-0.03349
0.00175737	0.460012	0.029353
0.00178005	0.582708	0.090423
0.00180272	0.71932	0.137309
0.0018254	0.834764	0.160555
0.00184807	0.894936	0.151296
0.00187075	0.8967	0.108153
0.00189342	0.846132	0.038218
0.0019161	0.752444	-0.044128
0.00193878	0.617988	-0.122534
0.00196145	0.458836	-0.183013
0.00198413	0.308308	-0.213745
0.0020068	0.198156	-0.207244
0.00202948	0.154252	-0.162525
0.00205215	0.19012	-0.085104
0.00207483	0.30674	0.012411
0.00209751	0.486864	0.113669
0.00212018	0.703444	0.200152
0.00214286	0.898072	0.253145
0.00216553	1.00744	0.256297
0.00218821	1.02586	0.201925
0.00221088	0.961968	0.099288
0.00223356	0.831628	-0.030535
0.00225624	0.646212	-0.160161
0.00227891	0.40866	-0.264571
0.00230159	0.172284	-0.325444
0.00232426	-0.03332	-0.329581
0.00234694	-0.257544	-0.282104
0.00236961	-0.471576	-0.203107
0.00239229	-0.63308	-0.110714
0.00241497	-0.720888	-0.021079
0.00243764	-0.721868	0.054175
0.00246032	-0.628964	0.110714
0.00248299	-0.441392	0.149917
0.00250567	-0.143472	0.1773
0.00252834	0.260484	0.203698
0.00255102	0.612696	0.227338
0.0025737	0.83888	0.228717
0.00259637	0.937664	0.193257
0.00261905	0.9261	0.118003
0.00264172	0.844956	0.014381
0.0026644	0.70756	-0.096727
0.00268707	0.52234	-0.194833
0.00270975	0.315168	-0.261616
0.00273243	0.140924	-0.282695
0.0027551	0.012544	-0.253933
0.00277778	-0.080948	-0.183013
0.00280045	-0.0931	-0.085104
0.00282313	0.049784	0.027974
0.0028458	0.335552	0.148341
0.00286848	0.655032	0.257085
0.00289116	0.931588	0.327808
0.00291383	1.08564	0.336082
0.00293651	1.11583	0.269693
0.00295918	1.03841	0.139082
0.00298186	0.875336	-0.028762
0.00300454	0.64778	-0.197394
0.00302721	0.352212	-0.334506
0.00304989	0.048608	-0.415079
0.00307256	-0.294784	-0.428278
0.00309524	-0.75264	-0.390257
0.00311791	-1.22637	-0.328005
0.00314059	-1.51978	-0.24822
0.00316327	-1.61014	-0.144401
0.00318594	-1.55585	-0.022064
0.00320862	-1.39101	0.103031
0.00323129	-1.15895	0.211775
0.00325397	-0.908264	0.283877
0.00327664	-0.579768	0.312245
0.00329932	-0.111916	0.310866
0.003322	0.413364	0.298849
0.00334467	0.77812	0.27383
0.00336735	0.930804	0.215912
0.00339002	0.929432	0.118988
0.0034127	0.830648	-0.005122
0.00343537	0.667772	-0.132975
0.00345805	0.449232	-0.239946
0.00348073	0.219716	-0.307714
0.0035034	0.028028	-0.32111
0.00352608	-0.167188	-0.28171
0.00354875	-0.357112	-0.206259
0.00357143	-0.486472	-0.112684
0.0035941	-0.527044	-0.016745
0.00361678	-0.448252	0.071708
0.00363946	-0.230496	0.148735
0.00366213	0.158956	0.21867
0.00368481	0.585648	0.281119
0.00370748	0.892192	0.314215
0.00373016	1.04174	0.294121
0.00375283	1.05134	0.211578
0.00377551	0.958244	0.078406
0.00379819	0.792428	-0.077618
0.00382086	0.562324	-0.224383
0.00384354	0.283024	-0.334506
0.00386621	0.017248	-0.387302
0.00388889	-0.287924	-0.37824
0.00391156	-0.658364	-0.324853
0.00393424	-1.05056	-0.252357
0.00395692	-1.3281	-0.175527
0.00397959	-1.4208	-0.091999
0.00400227	-1.39572	-0.002561
0.00402494	-1.28596	0.08274
0.00404762	-1.13386	0.152478
0.00407029	-0.979608	0.193651
0.00409297	-0.806736	0.200743
0.00411565	-0.58408	0.181043
0.00413832	-0.332612	0.148341
0.004161	-0.038416	0.116624
0.00418367	0.271656	0.099288
0.00420635	0.49	0.093969
0.00422902	0.623672	0.086877
0.0042517	0.70168	0.071511
0.00427438	0.728728	0.044719
0.00429705	0.715596	0.009259
0.00431973	0.669536	-0.030535
0.0043424	0.602308	-0.067177
0.00436508	0.525868	-0.09456
0.00438776	0.45472	-0.107562
0.00441043	0.405328	-0.102243
0.00443311	0.387492	-0.079588
0.00445578	0.409444	-0.040976
0.00447846	0.469224	0.006698
0.00450113	0.558404	0.05516
0.00452381	0.662284	0.094954
0.00454649	0.760872	0.118397
0.00456916	0.82712	0.118791
0.00459184	0.846524	0.093969
0.00461451	0.821632	0.046295
0.00463719	0.75852	-0.015169
0.00465986	0.66052	-0.078209
0.00468254	0.537236	-0.131596
0.00470522	0.412384	-0.164495
0.00472789	0.311444	-0.170405
0.00475057	0.256368	-0.145583
0.00477324	0.26068	-0.094166
0.00479592	0.32928	-0.022064
0.00481859	0.453936	0.057918
0.00484127	0.616028	0.131399
0.00486395	0.784588	0.184392
0.00488662	0.906304	0.203107
0.0049093	0.95354	0.178285
0.00493197	0.931392	0.111896
0.00495465	0.850444	0.016942
0.00497732	0.72128	-0.086877
0.005	0.546056	-0.17927
0.00502268	0.350448	-0.243492
0.00504535	0.177576	-0.267132
0.00506803	0.064288	-0.242901
0.0050907	0.001764	-0.175527
0.00511338	0.029596	-0.078012
0.00513605	0.20384	0.038809
0.00515873	0.45864	0.159767
0.00518141	0.739312	0.260828
0.00520408	0.97118	0.318549
0.00522676	1.08466	0.311654
0.00524943	1.08996	0.23443
0.00527211	0.99372	0.099288
0.00529478	0.824768	-0.063828
0.00531746	0.58996	-0.22064
0.00534014	0.2989	-0.341795
0.00536281	0.012936	-0.404244
0.00538549	-0.318892	-0.403062
0.00540816	-0.741076	-0.355191
0.00543084	-1.17678	-0.28762
0.00545351	-1.4457	-0.20882
0.00547619	-1.52527	-0.113275
0.00549887	-1.48078	-0.005713
0.00552154	-1.3326	0.100667
0.00554422	-1.13484	0.189908
0.00556689	-0.930412	0.244871
0.00558957	-0.665224	0.260828
0.00561224	-0.311052	0.249796
0.00563492	0.132496	0.229308
0.0056576	0.524692	0.21079
0.00568027	0.75068	0.181634
0.00570295	0.845152	0.130414
0.00572562	0.830256	0.055751
0.0057483	0.751072	-0.031914
0.00577098	0.620928	-0.117609
0.00579365	0.45864	-0.185968
0.00581633	0.300468	-0.223595
0.005839	0.179732	-0.222216
0.00586168	0.124852	-0.180058
0.00588435	0.152292	-0.102637
0.00590703	0.26558	-0.001182
0.00592971	0.44786	0.105789
0.00595238	0.675612	0.201334
0.00597506	0.888468	0.263783
0.00599773	1.0145	0.274027
0.00602041	1.04331	0.223595
0.00604308	0.984704	0.119776
0.00606576	0.853188	-0.015563
0.00608844	0.665812	-0.15366
0.00611111	0.42042	-0.267526
0.00613379	0.16856	-0.337855
0.00615646	-0.060172	-0.349478
0.00617914	-0.324968	-0.308502
0.00620181	-0.597996	-0.234627
0.00622449	-0.843388	-0.148735
0.00624717	-1.04703	-0.069147
0.00626984	-1.14621	-0.00591
0.00629252	-1.15189	0.042158
0.00631519	-1.11759	0.073481
0.00633787	-1.07212	0.086089
0.00636054	-1.04292	0.0788
0.00638322	-1.0439	0.051614
0.0064059	-1.0827	0.009653
0.00642857	-1.15718	-0.040188
0.00645125	-1.25597	-0.088256
0.00647392	-1.36573	-0.125686
0.0064966	-1.46275	-0.144007
0.00651927	-1.53566	-0.139476
0.00654195	-1.56526	-0.11032
0.00656463	-1.54076	-0.060282
0.0065873	-1.46784	0.002955
0.00660998	-1.34711	0.068753
0.00663265	-1.20638	0.123913
0.00665533	-1.07055	0.157797
0.006678	-0.954324	0.162722
0.00670068	-0.833196	0.140264
0.00672336	-0.715008	0.099682
0.00674603	-0.621908	0.051417
0.00676871	-0.565656	0.003743
0.00679138	-0.553896	-0.036839
0.00681406	-0.585844	-0.06698
0.00683673	-0.665616	-0.08668
0.00685941	-0.788704	-0.097909
0.00688209	-0.971768	-0.106971
0.00690476	-1.17541	-0.1182
0.00692744	-1.3228	-0.125489
0.00695011	-1.41982	-0.119382
0.00697279	-1.46824	-0.096924
0.00699546	-1.46765	-0.058706
0.00701814	-1.42316	-0.010244
0.00704082	-1.3424	0.040385
0.00706349	-1.2399	0.084907
0.00708617	-1.13523	0.11426
0.00710884	-1.04801	0.122731
0.00713152	-0.994308	0.10638
0.0071542	-0.971768	0.067965
0.00717687	-1.00744	0.013987
0.00719955	-1.1076	-0.048659
0.00722222	-1.23892	-0.11032
0.0072449	-1.38023	-0.158388
0.00726757	-1.5092	-0.182816
0.00729025	-1.60622	-0.177497
0.00731293	-1.64111	-0.140067
0.0073356	-1.60661	-0.075057
0.00735828	-1.51116	0.007289
0.00738095	-1.35906	0.091999
0.00740363	-1.17404	0.16351
0.0074263	-0.999208	0.207638
0.00744898	-0.810852	0.216503
0.00747166	-0.568792	0.197197
0.00749433	-0.292432	0.164101
0.00751701	0.035672	0.133172
0.00753968	0.352016	0.115639
0.00756236	0.554484	0.105001
0.00758503	0.674044	0.089044
0.00760771	0.7301	0.063237
0.00763039	0.733628	0.027186
0.00765306	0.697564	-0.015169
0.00767574	0.631316	-0.057524
0.00769841	0.550368	-0.092196
0.00772109	0.470008	-0.11229
0.00774376	0.407092	-0.113669
0.00776644	0.375732	-0.09456
0.00778912	0.384748	-0.057918
0.00781179	0.4361	-0.008865
0.00783447	0.523516	0.044522
0.00785714	0.63308	0.092196
0.00787982	0.74578	0.124701
0.00790249	0.83104	0.134551
0.00792517	0.866516	0.115836
0.00794785	0.852796	0.070723
0.00797052	0.797132	0.007289
0.0079932	0.703836	-0.061858
0.00801587	0.578396	-0.123913
0.00803855	0.441196	-0.167844
0.00806122	0.321244	-0.183998
0.0080839	0.244216	-0.16745
0.00810658	0.228732	-0.119579
0.00812925	0.281848	-0.047083
0.00815193	0.400036	0.038218
0.0081746	0.564872	0.120958
0.00819728	0.750484	0.186953
0.00821995	0.901012	0.219852
0.00824263	0.973924	0.207638
0.00826531	0.9702	0.148735
0.00828798	0.89866	0.052205
0.00831066	0.7742	-0.060085
0.00833333	0.60074	-0.165283
0.00835601	0.392588	-0.244477
0.00837868	0.196784	-0.283286
0.00840136	0.050764	-0.272057
0.00842404	-0.066248	-0.214533
0.00844671	-0.124852	-0.124701
0.00846939	-0.060172	-0.016745
0.00849206	0.178164	0.101061
0.00851474	0.506268	0.217488
0.00853741	0.81928	0.307517
0.00856009	1.0388	0.345932
0.00858277	1.1219	0.312245
0.00860544	1.09192	0.20685
0.00862812	0.960596	0.049841
0.00865079	0.762244	-0.123913
0.00867347	0.489608	-0.280134
0.00869615	0.181692	-0.389272
0.00871882	-0.134848	-0.432021
0.0087415	-0.5488	-0.413306
0.00876417	-1.04782	-0.359722
0.00878685	-1.43531	-0.288605
0.00880952	-1.60426	-0.194045
0.0088322	-1.6023	-0.075648
0.00885488	-1.47686	0.053978
0.00887755	-1.25969	0.174936
0.00890023	-1.01077	0.266738
0.0089229	-0.716576	0.314806
0.00894558	-0.291844	0.324459
0.00896825	0.249116	0.316579
0.00899093	0.697956	0.298849
0.00901361	0.91924	0.25216
0.00903628	0.960596	0.16351
0.00905896	0.88298	0.040385
0.00908163	0.732844	-0.094954
0.00910431	0.520968	-0.216306
0.00912698	0.27538	-0.302789
0.00914966	0.05782	-0.338052
0.00917234	-0.161112	-0.315988
0.00919501	-0.398468	-0.250978
0.00921769	-0.60172	-0.164298
0.00924036	-0.74774	-0.073481
0.00926304	-0.82124	0.007092
0.00928571	-0.819868	0.067965
0.00930839	-0.749504	0.106971
0.00933107	-0.615048	0.125883
0.00935374	-0.421204	0.131202
0.00937642	-0.164444	0.130611
0.00939909	0.172284	0.13593
0.00942177	0.475888	0.149326
0.00944444	0.680708	0.155827
0.00946712	0.807912	0.143219
0.0094898	0.8477	0.105789
0.00951247	0.822808	0.045507
0.00953515	0.7497	-0.027777
0.00955782	0.636608	-0.099682
0.0095805	0.497448	-0.1576
0.00960317	0.360052	-0.190499
0.00962585	0.25382	-0.190696
0.00964853	0.203448	-0.156615
0.0096712	0.222656	-0.091999
0.00969388	0.315168	-0.006698
0.00971655	0.467852	0.084513
0.00973923	0.658168	0.164889
0.0097619	0.842996	0.219064
0.00978458	0.9604	0.230687
0.00980726	0.993916	0.191878
0.00982993	0.951384	0.107365
0.00985261	0.845936	-0.005713
0.00987528	0.688548	-0.123519
0.00989796	0.483924	-0.222807
0.00992063	0.264404	-0.286241
0.00994331	0.08526	-0.300425
0.00996599	-0.0686	-0.262601
0.00998866	-0.203448	-0.186559
0.0100113	-0.254016	-0.088847
0.010034	-0.182084	0.017927
0.0100567	0.074284	0.126868
0.0100794	0.451976	0.233642
0.010102	0.800072	0.317367
0.0101247	1.03468	0.350266
0.0101474	1.12034	0.31126
0.0101701	1.08604	0.200743
0.0101927	0.9506	0.040385
0.0102154	0.746368	-0.13593
0.0102381	0.468636	-0.29156
0.0102608	0.157976	-0.398531
0.0102834	-0.166992	-0.438522
0.0103061	-0.599368	-0.418034
0.0103288	-1.10681	-0.364056
0.0103515	-1.4798	-0.291166
0.0103741	-1.6317	-0.192469
0.0103968	-1.61426	-0.069147
0.0104195	-1.47529	0.064222
0.0104422	-1.24558	0.188135
0.0104649	-0.985096	0.280134
0.0104875	-0.668556	0.326823
0.0105102	-0.20482	0.336476
0.0105329	0.355348	0.329778
0.0105556	0.776356	0.308108
0.0105782	0.958832	0.250781
0.0106009	0.967848	0.148144
0.0106236	0.864752	0.012608
0.0106463	0.692272	-0.130808
0.0106689	0.455112	-0.254327
0.0106916	0.198156	-0.335688
0.0107143	-0.033712	-0.358934
0.010737	-0.303408	-0.326429
0.0107596	-0.595644	-0.257676
0.0107823	-0.87514	-0.174542
0.010805	-1.10779	-0.096727
0.0108277	-1.20991	-0.029944
0.0108503	-1.21148	0.026989
0.010873	-1.16287	0.070723
0.0108957	-1.09486	0.09653
0.0109184	-1.03782	0.101258
0.010941	-1.0094	0.08274
0.0109637	-1.02175	0.044325
0.0109864	-1.07996	-0.008274
0.0110091	-1.17561	-0.066389
0.0110317	-1.29595	-0.118594
0.0110544	-1.41865	-0.155039
0.0110771	-1.52331	-0.16745
0.0110998	-1.5927	-0.15169
0.0111224	-1.60132	-0.108547
0.0111451	-1.55134	-0.044128
0.0111678	-1.44648	0.03152
0.0111905	-1.29419	0.10441
0.0112132	-1.12818	0.160752
0.0112358	-0.977256	0.189317
0.0112585	-0.815164	0.184786
0.0112812	-0.62328	0.156418
0.0113039	-0.418264	0.116821
0.0113265	-0.206192	0.078406
0.0113492	0.034888	0.053387
0.0113719	0.277144	0.049053
0.0113946	0.44982	0.059494
0.0114172	0.574672	0.071314
0.0114399	0.666792	0.076436
0.0114626	0.726376	0.070329
0.0114853	0.750876	0.05122
0.0115079	0.741076	0.020685
0.0115306	0.701876	-0.016942
0.0115533	0.638568	-0.054372
0.011576	0.561932	-0.085498
0.0115986	0.48608	-0.104213
0.0116213	0.426496	-0.106183
0.011644	0.395724	-0.089635
0.0116667	0.402192	-0.056736
0.0116893	0.447272	-0.012214
0.011712	0.525672	0.036248
0.0117347	0.624456	0.079785
0.0117574	0.72716	0.11032
0.01178	0.8085	0.12017
0.0118027	0.845936	0.105395
0.0118254	0.837312	0.065798
0.0118481	0.788704	0.008668
0.0118707	0.704424	-0.054372
0.0118934	0.589764	-0.111896
0.0119161	0.463932	-0.153463
0.0119388	0.352016	-0.170208
0.0119615	0.277144	-0.1576
0.0119841	0.25774	-0.116033
0.0120068	0.301252	-0.051023
0.0120295	0.405916	0.026595
0.0120522	0.554288	0.103622
0.0120748	0.723632	0.165283
0.0120975	0.868476	0.198182
0.0121202	0.944132	0.190893
0.0121429	0.94864	0.140264
0.0121655	0.889252	0.055357
0.0121882	0.779492	-0.046689
0.0122109	0.621908	-0.144992
0.0122336	0.431004	-0.221231
0.0122562	0.245588	-0.261025
0.0122789	0.109368	-0.255706
0.0123016	0.031752	-0.204092
0.0123243	0.0196	-0.116821
0.0123469	0.143864	-0.006304
0.0123696	0.373968	0.115639
0.0123923	0.645428	0.225959
0.012415	0.904344	0.302789
0.0124376	1.05997	0.32111
0.0124603	1.10132	0.268314
0.012483	1.04037	0.152478
0.0125057	0.894544	-0.003349
0.0125283	0.687568	-0.164889
0.012551	0.410816	-0.300425
0.0125737	0.124068	-0.385529
0.0125964	-0.177184	-0.405426
0.012619	-0.56056	-0.370951
0.0126417	-1.00215	-0.30732
0.0126644	-1.34946	-0.233051
0.0126871	-1.49078	-0.145386
0.0127098	-1.49372	-0.043931
0.0127324	-1.38454	0.061661
0.0127551	-1.20305	0.156221
0.0127778	-1.01097	0.223004
0.0128005	-0.786744	0.251569
0.0128231	-0.485492	0.247038
0.0128458	-0.09702	0.226353
0.0128685	0.331828	0.206062
0.0128912	0.632884	0.185968
0.0129138	0.79086	0.150705
0.0129365	0.835156	0.093969
0.0129592	0.794584	0.019109
0.0129819	0.702072	-0.062252
0.0130045	0.566244	-0.135536
0.0130272	0.414932	-0.187938
0.0130499	0.279888	-0.208229
0.0130726	0.190904	-0.191878
0.0130952	0.170128	-0.139082
0.0131179	0.227752	-0.057524
0.0131406	0.360052	0.039794
0.0131633	0.547232	0.135733
0.0131859	0.758912	0.211972
0.0132086	0.929628	0.251175
0.0132313	1.01077	0.238961
0.013254	1.00666	0.171981
0.0132766	0.925708	0.06304
0.0132993	0.784588	-0.06501
0.013322	0.590156	-0.185968
0.0133447	0.352996	-0.277179
0.0133673	0.13524	-0.321701
0.01339	-0.055272	-0.309881
0.0134127	-0.260484	-0.252751
0.0134354	-0.431592	-0.167647
0.013458	-0.529592	-0.070526
0.0134807	-0.524496	0.023246
0.0135034	-0.398272	0.105592
0.0135261	-0.1176	0.176906
0.0135488	0.310072	0.242901
0.0135714	0.705404	0.296288
0.0135941	0.958244	0.311851
0.0136168	1.05468	0.269693
0.0136395	1.02567	0.168238
0.0136621	0.90552	0.025413
0.0136848	0.7203	-0.129429
0.0137075	0.468832	-0.264374
0.0137302	0.194236	-0.354994
0.0137528	-0.069188	-0.384544
0.0137755	-0.389844	-0.35657
0.0137982	-0.760088	-0.292939
0.0138209	-1.12504	-0.217291
0.0138435	-1.3428	-0.140067
0.0138662	-1.39552	-0.057327
0.0138889	-1.3477	0.026792
0.0139116	-1.22872	0.103031
0.0139342	-1.08506	0.15957
0.0139569	-0.944524	0.186559
0.0139796	-0.781452	0.18124
