-0.0140023	0.073808	-0.487312
-0.0139796	-0.29792	-0.575456
-0.0139569	-0.61936	-0.541968
-0.0139342	-0.900704	-0.404208
-0.0139116	-1.14722	-0.204288
-0.0138889	-1.2451	0.011312
-0.0138662	-1.13288	0.206304
-0.0138435	-0.70056	0.363888
-0.0138209	0.012432	0.48608
-0.0137982	0.61208	0.555296
-0.0137755	0.922096	0.531888
-0.0137528	1.00498	0.401408
-0.0137302	0.902608	0.187488
-0.0137075	0.668976	-0.068096
-0.0136848	0.363664	-0.308224
-0.0136621	0.037968	-0.474992
-0.0136395	-0.30408	-0.537488
-0.0136168	-0.579152	-0.487648
-0.0135941	-0.763728	-0.339248
-0.0135714	-0.837312	-0.129696
-0.0135488	-0.642432	0.101584
-0.0135261	-0.136528	0.330176
-0.0135034	0.451136	0.521696
-0.0134807	0.88032	0.625184
-0.013458	1.10746	0.599424
-0.0134354	1.13635	0.448336
-0.0134127	1.00128	0.234864
-0.01339	0.7532	-0.021392
-0.0133673	0.428736	-0.286832
-0.0133447	0.081648	-0.483056
-0.013322	-0.289968	-0.572992
-0.0132993	-0.614432	-0.542976
-0.0132766	-0.89656	-0.407008
-0.013254	-1.14464	-0.207648
-0.0132313	-1.24555	0.008176
-0.0132086	-1.13725	0.203616
-0.0131859	-0.710864	0.36176
-0.0131633	0.000896	0.484624
-0.0131406	0.605472	0.555072
-0.0131179	0.919408	0.533344
-0.0130952	1.00542	0.404432
-0.0130726	0.905856	0.19152
-0.0130499	0.67368	-0.063952
-0.0130272	0.36904	-0.304752
-0.0130045	0.043568	-0.4732
-0.0129819	-0.298816	-0.537376
-0.0129592	-0.575344	-0.48944
-0.0129365	-0.760928	-0.342272
-0.0129138	-0.8372	-0.133504
-0.0128912	-0.647248	0.097664
-0.0128685	-0.144928	0.326816
-0.0128458	0.443408	0.519456
-0.0128231	0.875952	0.624624
-0.0128005	1.106	0.600992
-0.0127778	1.13781	0.451472
-0.0127551	1.00464	0.238896
-0.0127324	0.757904	-0.017024
-0.0127098	0.434224	-0.283136
-0.0126871	0.087584	-0.480704
-0.0126644	-0.284144	-0.572544
-0.0126417	-0.60984	-0.544432
-0.012619	-0.891968	-0.409696
-0.0125964	-1.14139	-0.211008
-0.0125737	-1.24566	0.004704
-0.012551	-1.14106	0.200704
-0.0125283	-0.720832	0.35952
-0.0125057	-0.010976	0.482832
-0.012483	0.597968	0.554512
-0.0124603	0.916272	0.534464
-0.0124376	1.00565	0.407232
-0.012415	0.908656	0.195552
-0.0123923	0.678272	-0.05992
-0.0123696	0.374304	-0.301504
-0.0123469	0.049056	-0.471184
-0.0123243	-0.293552	-0.537264
-0.0123016	-0.57176	-0.490896
-0.0122789	-0.758464	-0.345184
-0.0122562	-0.8372	-0.137088
-0.0122336	-0.652624	0.09408
-0.0122109	-0.154	0.323232
-0.0121882	0.435456	0.51688
-0.0121655	0.870912	0.62384
-0.0121429	1.10376	0.602448
-0.0121202	1.13882	0.454384
-0.0120975	1.00789	0.242368
-0.0120748	0.762384	-0.01288
-0.0120522	0.439488	-0.279216
-0.0120295	0.093296	-0.478464
-0.0120068	-0.278544	-0.572096
-0.0119841	-0.605136	-0.545776
-0.0119615	-0.887824	-0.41272
-0.0119388	-1.13893	-0.214368
-0.0119161	-1.246	0.001344
-0.0118934	-1.14565	0.197904
-0.0118707	-0.731808	0.35728
-0.0118481	-0.024416	0.480928
-0.0118254	0.589232	0.553728
-0.0118027	0.91224	0.535472
-0.01178	1.0052	0.410032
-0.0117574	0.91112	0.19936
-0.0117347	0.682864	-0.05544
-0.011712	0.379456	-0.297472
-0.0116893	0.05488	-0.469056
-0.0116667	-0.287504	-0.536816
-0.011644	-0.567392	-0.492576
-0.0116213	-0.755328	-0.348208
-0.0115986	-0.83664	-0.140896
-0.011576	-0.656656	0.090384
-0.0115533	-0.161728	0.319872
-0.0115306	0.42784	0.514528
-0.0115079	0.865872	0.623168
-0.0114853	1.10219	0.603568
-0.0114626	1.1396	0.457408
-0.0114399	1.01046	0.245616
-0.0114172	0.767088	-0.008848
-0.0113946	0.444528	-0.27552
-0.0113719	0.098672	-0.476224
-0.0113492	-0.27272	-0.571424
-0.0113265	-0.600768	-0.547232
-0.0113039	-0.883456	-0.415408
-0.0112812	-1.13557	-0.21784
-0.0112585	-1.24533	-0.001904
-0.0112358	-1.14856	0.195328
-0.0112132	-0.74032	0.354928
-0.0111905	-0.034832	0.479472
-0.0111678	0.582848	0.553168
-0.0111451	0.909328	0.536704
-0.0111224	1.00554	0.412496
-0.0110998	0.913808	0.202944
-0.0110771	0.687008	-0.051632
-0.0110544	0.384048	-0.29456
-0.0110317	0.059696	-0.46704
-0.0110091	-0.283024	-0.53704
-0.0109864	-0.564144	-0.493808
-0.0109637	-0.7532	-0.350896
-0.010941	-0.837088	-0.144144
-0.0109184	-0.662032	0.086912
-0.0108957	-0.1708	0.316512
-0.010873	0.419888	0.512176
-0.0108503	0.860944	0.62216
-0.0108277	1.09995	0.605248
-0.010805	1.1396	0.459312
-0.0107823	1.01102	0.246848
-0.0107596	0.768992	-0.006496
-0.010737	0.447216	-0.274064
-0.0107143	0.101472	-0.475888
-0.0106916	-0.270032	-0.572992
-0.0106689	-0.598752	-0.550368
-0.0106463	-0.881664	-0.419664
-0.0106236	-1.1349	-0.22288
-0.0106009	-1.24757	-0.006944
-0.0105782	-1.1545	0.190624
-0.0105556	-0.751744	0.351008
-0.0105329	-0.048496	0.475776
-0.0105102	0.573328	0.55048
-0.0104875	0.90384	0.535584
-0.0104649	1.00318	0.413056
-0.0104422	0.913808	0.204512
-0.0104195	0.688688	-0.04984
-0.0103968	0.386624	-0.293328
-0.0103741	0.06272	-0.467152
-0.0103515	-0.28	-0.538272
-0.0103288	-0.562576	-0.49728
-0.0103061	-0.752416	-0.355264
-0.0102834	-0.838208	-0.149296
-0.0102608	-0.667408	0.081424
-0.0102381	-0.179648	0.311584
-0.0102154	0.411264	0.50792
-0.0101927	0.854672	0.619584
-0.0101701	1.09581	0.604128
-0.0101474	1.13893	0.46032
-0.0101247	1.01382	0.250096
-0.010102	0.773136	-0.003024
-0.0100794	0.45192	-0.270704
-0.0100567	0.106512	-0.473648
-0.010034	-0.26488	-0.572208
-0.0100113	-0.594944	-0.551376
-0.00998866	-0.87808	-0.422016
-0.00996599	-1.13266	-0.225904
-0.00994331	-1.24835	-0.009968
-0.00992063	-1.15909	0.187824
-0.00989796	-0.76272	0.348544
-0.00987528	-0.062048	0.473984
-0.00985261	0.564256	0.54936
-0.00982993	0.899696	0.536144
-0.00980726	1.00251	0.415296
-0.00978458	0.916048	0.208096
-0.0097619	0.69272	-0.045696
-0.00973923	0.391328	-0.289744
-0.00971655	0.068208	-0.465136
-0.00969388	-0.274624	-0.538048
-0.0096712	-0.558544	-0.4984
-0.00964853	-0.749056	-0.358176
-0.00962585	-0.836864	-0.15288
-0.00960317	-0.66976	0.07784
-0.0095805	-0.185472	0.308224
-0.00955782	0.40488	0.505568
-0.00953515	0.850528	0.618576
-0.00951247	1.09413	0.605136
-0.0094898	1.1396	0.462784
-0.00946712	1.01595	0.253008
-0.00944444	0.776608	0.000336
-0.00942177	0.456064	-0.267568
-0.00939909	0.110992	-0.47208
-0.00937642	-0.260288	-0.571984
-0.00935374	-0.591136	-0.552384
-0.00933107	-0.874384	-0.424368
-0.00930839	-1.13019	-0.228592
-0.00928571	-1.2479	-0.012768
-0.00926304	-1.162	0.185696
-0.00924036	-0.77056	0.34664
-0.00921769	-0.071904	0.472416
-0.00919501	0.557648	0.548912
-0.00917234	0.896672	0.536928
-0.00914966	1.0024	0.41776
-0.00912698	0.918064	0.211344
-0.00910431	0.696416	-0.042224
-0.00908163	0.395696	-0.28672
-0.00905896	0.072688	-0.463232
-0.00903628	-0.26992	-0.537712
-0.00901361	-0.555184	-0.49952
-0.00899093	-0.746592	-0.360416
-0.00896825	-0.83608	-0.15568
-0.00894558	-0.672784	0.074928
-0.0089229	-0.191968	0.305536
-0.00890023	0.398832	0.503552
-0.00887755	0.846496	0.617792
-0.00885488	1.09222	0.605808
-0.0088322	1.14027	0.465136
-0.00880952	1.0183	0.255808
-0.00878685	0.780192	0.003696
-0.00876417	0.460096	-0.264544
-0.0087415	0.11536	-0.470064
-0.00871882	-0.255696	-0.571536
-0.00869615	-0.587776	-0.553392
-0.00867347	-0.871136	-0.426384
-0.00865079	-1.12762	-0.230944
-0.00862812	-1.2479	-0.01512
-0.00860544	-1.16491	0.183456
-0.00858277	-0.778512	0.345072
-0.00856009	-0.081872	0.470848
-0.00853741	0.55104	0.54824
-0.00851474	0.893872	0.537824
-0.00849206	1.00218	0.419664
-0.00846939	0.92008	0.214256
-0.00844671	0.699888	-0.038976
-0.00842404	0.399504	-0.28392
-0.00840136	0.076944	-0.461552
-0.00837868	-0.265552	-0.537264
-0.00835601	-0.55216	-0.50064
-0.00833333	-0.744464	-0.362544
-0.00831066	-0.835408	-0.15848
-0.00828798	-0.676144	0.072016
-0.00826531	-0.198016	0.30296
-0.00824263	0.392896	0.501648
-0.00821995	0.842688	0.617344
-0.00819728	1.09066	0.607152
-0.0081746	1.14083	0.467152
-0.00815193	1.02043	0.258384
-0.00812925	0.78344	0.00672
-0.00810658	0.464128	-0.261744
-0.0080839	0.119392	-0.468048
-0.00806122	-0.251776	-0.570864
-0.00803855	-0.584416	-0.554064
-0.00801587	-0.868336	-0.428064
-0.0079932	-1.12605	-0.23352
-0.00797052	-1.24869	-0.017472
-0.00794785	-1.16894	0.181328
-0.00792517	-0.788032	0.343168
-0.00790249	-0.09408	0.469392
-0.00787982	0.543088	0.547344
-0.00785714	0.889504	0.538272
-0.00783447	1.00128	0.421792
-0.00781179	0.921648	0.217616
-0.00778912	0.703248	-0.035392
-0.00776644	0.403872	-0.280672
-0.00774376	0.081648	-0.459312
-0.00772109	-0.260624	-0.536704
-0.00769841	-0.54824	-0.501424
-0.00767574	-0.740544	-0.364672
-0.00765306	-0.832608	-0.160944
-0.00763039	-0.675024	0.069664
-0.00760771	-0.199584	0.300496
-0.00758503	0.390432	0.500528
-0.00756236	0.842688	0.6188
-0.00753968	1.092	0.609952
-0.00751701	1.14352	0.470736
-0.00749433	1.02435	0.262528
-0.00747166	0.78792	0.011088
-0.00744898	0.468832	-0.257936
-0.0074263	0.124096	-0.465248
-0.00740363	-0.247184	-0.56896
-0.00738095	-0.580384	-0.55328
-0.00735828	-0.864864	-0.428064
-0.0073356	-1.12414	-0.23352
-0.00731293	-1.25026	-0.018032
-0.00729025	-1.17544	0.18088
-0.00726757	-0.803264	0.342496
-0.0072449	-0.11368	0.468048
-0.00722222	0.52976	0.546896
-0.00719955	0.883344	0.539616
-0.00717687	1.00016	0.425712
-0.0071542	0.924672	0.22344
-0.00713152	0.709184	-0.02856
-0.00710884	0.411488	-0.273728
-0.00708617	0.09072	-0.4536
-0.00706349	-0.250432	-0.532672
-0.00704082	-0.539168	-0.499408
-0.00701814	-0.729792	-0.364448
-0.00699546	-0.819392	-0.16184
-0.00697279	-0.659456	0.068992
-0.00695011	-0.184912	0.301056
-0.00692744	0.398832	0.501312
-0.00690476	0.845488	0.618352
-0.00688209	1.09301	0.609504
-0.00685941	1.14374	0.470624
-0.00683673	1.0239	0.26208
-0.00681406	0.787696	0.010752
-0.00679138	0.468608	-0.257936
-0.00676871	0.12376	-0.465136
-0.00674603	-0.247408	-0.568736
-0.00672336	-0.58072	-0.552944
-0.00670068	-0.864976	-0.427728
-0.006678	-1.12347	-0.233296
-0.00665533	-1.24891	-0.017584
-0.00663265	-1.17275	0.181328
-0.00660998	-0.797888	0.343056
-0.0065873	-0.107072	0.468944
-0.00656463	0.534464	0.547568
-0.00654195	0.88592	0.539728
-0.00651927	1.00117	0.425264
-0.0064966	0.924448	0.22232
-0.00647392	0.708288	-0.029792
-0.00645125	0.409808	-0.275296
-0.00642857	0.088592	-0.455056
-0.0064059	-0.25312	-0.533456
-0.00638322	-0.54152	-0.499856
-0.00636054	-0.733152	-0.364336
-0.00633787	-0.824432	-0.161168
-0.00631519	-0.6664	0.069104
-0.00629252	-0.192192	0.301056
-0.00626984	0.39424	0.500976
-0.00624717	0.84336	0.618352
-0.00622449	1.09189	0.609504
-0.00620181	1.14352	0.47096
-0.00617914	1.02446	0.262864
-0.00615646	0.78848	0.011536
-0.00613379	0.469504	-0.257152
-0.00611111	0.124992	-0.464688
-0.00608844	-0.246176	-0.568512
-0.00606576	-0.5796	-0.553168
-0.00604308	-0.86352	-0.428288
-0.00602041	-1.12258	-0.23408
-0.00599773	-1.24813	-0.018256
-0.00597506	-1.17197	0.180768
-0.00595238	-0.797328	0.342944
-0.00592971	-0.106624	0.468944
-0.00590703	0.534912	0.54768
-0.00588435	0.886256	0.540512
-0.00586168	1.0015	0.425712
-0.005839	0.924784	0.222656
-0.00581633	0.708736	-0.029568
-0.00579365	0.410256	-0.275296
-0.00577098	0.088592	-0.454944
-0.0057483	-0.253008	-0.533568
-0.00572562	-0.541744	-0.500304
-0.00570295	-0.73416	-0.364896
-0.00568027	-0.826448	-0.16184
-0.0056576	-0.670992	0.068432
-0.00563492	-0.198016	0.300048
-0.00561224	0.389872	0.500304
-0.00558957	0.84056	0.618016
-0.00556689	1.09077	0.609952
-0.00554422	1.14363	0.471856
-0.00552154	1.02514	0.264096
-0.00549887	0.789712	0.01288
-0.00547619	0.471072	-0.256144
-0.00545351	0.126672	-0.463904
-0.00543084	-0.244496	-0.568512
-0.00540816	-0.578368	-0.553616
-0.00538549	-0.862736	-0.42896
-0.00536281	-1.1219	-0.234976
-0.00534014	-1.24869	-0.019264
-0.00531746	-1.17421	0.17976
-0.00529478	-0.80248	0.341936
-0.00527211	-0.113344	0.467936
-0.00524943	0.530096	0.54712
-0.00522676	0.884016	0.540288
-0.00520408	1.00083	0.426496
-0.00518141	0.925568	0.224224
-0.00515873	0.710192	-0.028
-0.00513605	0.41216	-0.273504
-0.00511338	0.091168	-0.453936
-0.0050907	-0.250544	-0.53312
-0.00506803	-0.539392	-0.500528
-0.00504535	-0.731696	-0.36568
-0.00502268	-0.824096	-0.163072
-0.005	-0.668864	0.067312
-0.00497732	-0.196784	0.29904
-0.00495465	0.389872	0.49952
-0.00493197	0.840112	0.617568
-0.0049093	1.09043	0.610176
-0.00488662	1.14374	0.472192
-0.00486395	1.0257	0.264432
-0.00484127	0.790384	0.01344
-0.00481859	0.471744	-0.255584
-0.00479592	0.127456	-0.46368
-0.00477324	-0.2436	-0.5684
-0.00475057	-0.577808	-0.553952
-0.00472789	-0.8624	-0.42952
-0.00470522	-1.12202	-0.235536
-0.00468254	-1.24947	-0.019936
-0.00465986	-1.17645	0.179088
-0.00463719	-0.806624	0.341152
-0.00461451	-0.11872	0.467376
-0.00459184	0.526512	0.54656
-0.00456916	0.882	0.540288
-0.00454649	1.00016	0.427056
-0.00452381	0.925904	0.225344
-0.00450113	0.711312	-0.026656
-0.00447846	0.413728	-0.272272
-0.00445578	0.092848	-0.452816
-0.00443311	-0.247968	-0.532448
-0.00441043	-0.53872	-0.501424
-0.00438776	-0.732592	-0.36848
-0.00436508	-0.824768	-0.166096
-0.0043424	-0.669872	0.064176
-0.00431973	-0.198576	0.296464
-0.00429705	0.387632	0.497168
-0.00427438	0.83776	0.615776
-0.0042517	1.08842	0.608384
-0.00422902	1.14195	0.470736
-0.00420635	1.02424	0.2632
-0.00418367	0.789152	0.01232
-0.004161	0.470624	-0.256704
-0.00413832	0.126336	-0.465136
-0.00411565	-0.24472	-0.57008
-0.00409297	-0.57904	-0.555856
-0.00407029	-0.86352	-0.431872
-0.00404762	-1.12325	-0.238112
-0.00402494	-1.25138	-0.0224
-0.00400227	-1.1788	0.176848
-0.00397959	-0.809984	0.339024
-0.00395692	-0.122304	0.465136
-0.00393424	0.523264	0.54432
-0.00391156	0.879424	0.538272
-0.00388889	0.998144	0.4256
-0.00386621	0.924112	0.223888
-0.00384354	0.709968	-0.028112
-0.00382086	0.412384	-0.27384
-0.00379819	0.091616	-0.454496
-0.00377551	-0.249536	-0.5348
-0.00375283	-0.539168	-0.502768
-0.00373016	-0.731248	-0.368592
-0.00370748	-0.823536	-0.166208
-0.00368481	-0.668192	0.064064
-0.00366213	-0.19712	0.29624
-0.00363946	0.388304	0.496944
-0.00361678	0.83832	0.61544
-0.0035941	1.08875	0.608384
-0.00357143	1.14229	0.47096
-0.00354875	1.02413	0.262976
-0.00352608	0.789264	0.01232
-0.0035034	0.470736	-0.256704
-0.00348073	0.126336	-0.465136
-0.00345805	-0.244608	-0.570192
-0.00343537	-0.578704	-0.555968
-0.0034127	-0.86296	-0.431984
-0.00339002	-1.12246	-0.238112
-0.00336735	-1.25003	-0.022288
-0.00334467	-1.17701	0.17696
-0.003322	-0.806848	0.339136
-0.00329932	-0.118272	0.465696
-0.00327664	0.526288	0.545104
-0.00325397	0.881328	0.53872
-0.00323129	0.99904	0.425488
-0.00320862	0.924336	0.223328
-0.00318594	0.70952	-0.028784
-0.00316327	0.411712	-0.274624
-0.00314059	0.090832	-0.455168
-0.00311791	-0.250992	-0.535248
-0.00309524	-0.540736	-0.502992
-0.00307256	-0.733376	-0.368704
-0.00304989	-0.826784	-0.166208
-0.00302721	-0.673008	0.064288
-0.00300454	-0.20216	0.296016
-0.00298186	0.384944	0.496944
-0.00295918	0.836528	0.615552
-0.00293651	1.08808	0.60872
-0.00291383	1.14229	0.471408
-0.00289116	1.02502	0.263872
-0.00286848	0.790496	0.013328
-0.0028458	0.472192	-0.255808
-0.00282313	0.127904	-0.464464
-0.00280045	-0.242928	-0.57008
-0.00277778	-0.577472	-0.556192
-0.0027551	-0.861728	-0.432208
-0.00273243	-1.12101	-0.238672
-0.00270975	-1.24835	-0.02296
-0.00268707	-1.17466	0.176736
-0.0026644	-0.803264	0.33936
-0.00264172	-0.114016	0.466256
-0.00261905	0.529536	0.546
-0.00259637	0.883456	0.539616
-0.0025737	1.0005	0.425936
-0.00255102	0.925232	0.22344
-0.00252834	0.709856	-0.028784
-0.00250567	0.411712	-0.27496
-0.00248299	0.090048	-0.455728
-0.00246032	-0.251888	-0.535808
-0.00243764	-0.541744	-0.503552
-0.00241497	-0.736064	-0.368928
-0.00239229	-0.830816	-0.166432
-0.00236961	-0.680848	0.063616
-0.00234694	-0.210896	0.295456
-0.00232426	0.378672	0.49616
-0.00230159	0.832944	0.615216
-0.00227891	1.08662	0.609392
-0.00225624	1.1424	0.472976
-0.00223356	1.02614	0.26544
-0.00221088	0.792176	0.015008
-0.00218821	0.474432	-0.253904
-0.00216553	0.130144	-0.463456
-0.00214286	-0.240576	-0.569744
-0.00212018	-0.575344	-0.55664
-0.00209751	-0.859712	-0.433552
-0.00207483	-1.11966	-0.240016
-0.00205215	-1.24835	-0.024416
-0.00202948	-1.176	0.175728
-0.0020068	-0.807184	0.338352
-0.00198413	-0.119056	0.46536
-0.00196145	0.525952	0.545664
-0.00193878	0.881888	0.540064
-0.0019161	1.0005	0.427056
-0.00189342	0.92624	0.225008
-0.00187075	0.711872	-0.026992
-0.00184807	0.41384	-0.273504
-0.0018254	0.092512	-0.45472
-0.00180272	-0.249536	-0.535696
-0.00178005	-0.540288	-0.504224
-0.00175737	-0.734832	-0.37016
-0.00173469	-0.831264	-0.168112
-0.00171202	-0.683424	0.061824
-0.00168934	-0.215712	0.293552
-0.00166667	0.374192	0.494816
-0.00164399	0.830144	0.614656
-0.00162132	1.08506	0.609952
-0.00159864	1.14251	0.474096
-0.00157596	1.02738	0.267232
-0.00155329	0.794416	0.01736
-0.00153061	0.477008	-0.252112
-0.00150794	0.133168	-0.462224
-0.00148526	-0.237776	-0.569072
-0.00146259	-0.572992	-0.557088
-0.00143991	-0.85736	-0.434784
-0.00141723	-1.11765	-0.241696
-0.00139456	-1.24734	-0.025872
-0.00137188	-1.17645	0.17416
-0.00134921	-0.809424	0.337456
-0.00132653	-0.122304	0.465024
-0.00130385	0.523936	0.545664
-0.00128118	0.881328	0.540624
-0.0012585	1.0005	0.428176
-0.00123583	0.927696	0.226576
-0.00121315	0.71344	-0.025648
-0.00119048	0.41664	-0.271376
-0.0011678	0.096992	-0.451808
-0.00114512	-0.245504	-0.533456
-0.00112245	-0.536704	-0.502656
-0.00109977	-0.73192	-0.369488
-0.0010771	-0.829696	-0.167552
-0.00105442	-0.68376	0.062496
-0.00103175	-0.218176	0.294
-0.00100907	0.37184	0.495488
-0.000986395	0.829696	0.616336
-0.000963719	1.08595	0.612528
-0.000941043	1.14475	0.477456
-0.000918367	1.03051	0.270704
-0.000895692	0.798336	0.021168
-0.000873016	0.481264	-0.248416
-0.00085034	0.137424	-0.459088
-0.000827664	-0.233184	-0.566832
-0.000804989	-0.569184	-0.555632
-0.000782313	-0.853776	-0.433664
-0.000759637	-1.11474	-0.241248
-0.000736961	-1.246	-0.025648
-0.000714286	-1.17746	0.174832
-0.00069161	-0.814016	0.338128
-0.000668934	-0.128912	0.465808
-0.000646259	0.519792	0.546784
-0.000623583	0.879984	0.54264
-0.000600907	1.00184	0.4312
-0.000578231	0.930384	0.230384
-0.000555556	0.71792	-0.021056
-0.00053288	0.420448	-0.268128
-0.000510204	0.099456	-0.450912
-0.000487528	-0.242368	-0.533232
-0.000464853	-0.534576	-0.503328
-0.000442177	-0.730016	-0.370832
-0.000419501	-0.828464	-0.169456
-0.000396825	-0.684432	0.06048
-0.00037415	-0.22064	0.292544
-0.000351474	0.369376	0.49448
-0.000328798	0.827904	0.616
-0.000306122	1.08506	0.613088
-0.000283447	1.1452	0.478352
-0.000260771	1.03174	0.27216
-0.000238095	0.800128	0.022736
-0.00021542	0.483168	-0.247184
-0.000192744	0.139776	-0.45808
-0.000170068	-0.230944	-0.566496
-0.000147392	-0.56728	-0.556416
-0.000124717	-0.851984	-0.43512
-0.000102041	-1.1135	-0.242704
-7.93651e-05	-1.24578	-0.026768
-5.66893e-05	-1.17891	0.173488
-3.40136e-05	-0.817824	0.33712
-1.13379e-05	-0.134288	0.465024
1.13379e-05	0.516208	0.546672
3.40136e-05	0.878528	0.543088
5.66893e-05	1.00162	0.43232
7.93651e-05	0.931504	0.231952
0.000102041	0.719488	-0.0196
0.000124717	0.422688	-0.266672
0.000147392	0.101808	-0.450016
0.000170068	-0.24024	-0.533008
0.000192744	-0.533008	-0.504
0.00021542	-0.72912	-0.372176
0.000238095	-0.828688	-0.1708
0.000260771	-0.687232	0.058912
0.000283447	-0.22512	0.290752
0.000306122	0.364896	0.493136
0.000328798	0.824992	0.615216
0.000351474	1.08382	0.613312
0.00037415	1.14509	0.479696
0.000396825	1.03286	0.274064
0.000419501	0.802032	0.02464
0.000442177	0.485744	-0.245168
0.000464853	0.142128	-0.456848
0.000487528	-0.228368	-0.566496
0.000510204	-0.565152	-0.556752
0.00053288	-0.849968	-0.436128
0.000555556	-1.11182	-0.24416
0.000578231	-1.24555	-0.028224
0.000600907	-1.18003	0.17248
0.000623583	-0.82152	0.336
0.000646259	-0.139104	0.46424
0.000668934	0.512848	0.546336
0.00069161	0.876848	0.543424
0.000714286	1.0015	0.43344
0.000736961	0.932288	0.233632
0.000759637	0.721504	-0.017808
0.000782313	0.424592	-0.265104
0.000804989	0.103824	-0.448672
0.000827664	-0.238	-0.532784
0.00085034	-0.53144	-0.50456
0.000873016	-0.728	-0.373184
0.000895692	-0.82824	-0.172256
0.000918367	-0.688912	0.057456
0.000941043	-0.228368	0.289408
0.000963719	0.361872	0.492128
0.000986395	0.822752	0.614992
0.00100907	1.08304	0.613872
0.00103175	1.14565	0.481152
0.00105442	1.0341	0.275184
0.0010771	0.804048	0.026656
0.00109977	0.487984	-0.243488
0.00112245	0.144368	-0.45584
0.00114512	-0.22568	-0.565936
0.0011678	-0.563024	-0.5572
0.00119048	-0.847952	-0.437024
0.00121315	-1.10992	-0.245392
0.00123583	-1.24454	-0.02968
0.0012585	-1.18003	0.171136
0.00128118	-0.8232	0.335328
0.00130385	-0.141568	0.464016
0.00132653	0.51128	0.546224
0.00134921	0.876288	0.543872
0.00137188	1.00218	0.434448
0.00139456	0.93352	0.234864
0.00141723	0.722848	-0.016352
0.00143991	0.426608	-0.264208
0.00146259	0.105728	-0.44856
0.00148526	-0.236544	-0.533008
0.00150794	-0.530768	-0.50512
0.00153061	-0.728112	-0.374192
0.00155329	-0.829696	-0.173488
0.00157596	-0.69328	0.056
0.00159864	-0.23464	0.288064
0.00162132	0.356384	0.490896
0.00164399	0.819728	0.614544
0.00166667	1.08158	0.614432
0.00168934	1.14598	0.482384
0.00171202	1.03578	0.277088
0.00173469	0.8064	0.02856
0.00175737	0.490896	-0.241248
0.00178005	0.147616	-0.454496
0.00180272	-0.222768	-0.565488
0.0018254	-0.56056	-0.557872
0.00184807	-0.845824	-0.438704
0.00187075	-1.10846	-0.247184
0.00189342	-1.24454	-0.031472
0.0019161	-1.18216	0.169792
0.00193878	-0.828464	0.334096
0.00196145	-0.148512	0.46312
0.00198413	0.504896	0.54432
0.0020068	0.87192	0.541968
0.00202948	0.999712	0.433776
0.00205215	0.932512	0.234864
0.00207483	0.723296	-0.015904
0.00209751	0.427392	-0.263872
0.00212018	0.106624	-0.448896
0.00214286	-0.2352	-0.534464
0.00216553	-0.529872	-0.507696
0.00218821	-0.727664	-0.37744
0.00221088	-0.830032	-0.177072
0.00223356	-0.69496	0.05208
0.00225624	-0.238336	0.284144
0.00227891	0.35224	0.487872
0.00230159	0.81592	0.611968
0.00232426	1.07867	0.612976
0.00234694	1.14408	0.4816
0.00236961	1.03466	0.276416
0.00239229	0.805952	0.028112
0.00241497	0.490672	-0.24192
0.00243764	0.147616	-0.455504
0.00246032	-0.222432	-0.567056
0.00248299	-0.560784	-0.56
0.00250567	-0.846048	-0.441392
0.00252834	-1.1088	-0.25032
0.00255102	-1.24533	-0.034384
0.0025737	-1.18362	0.16688
0.00259637	-0.830816	0.331408
0.00261905	-0.151312	0.460544
0.00264172	0.504	0.544096
0.0026644	0.872256	0.543088
0.00268707	1.00038	0.434448
0.00270975	0.933856	0.235984
0.00273243	0.724304	-0.015008
0.0027551	0.4284	-0.263312
0.00277778	0.107632	-0.448784
0.00280045	-0.234528	-0.534688
0.00282313	-0.52976	-0.508032
0.0028458	-0.728784	-0.37856
0.00286848	-0.83328	-0.17864
0.00289116	-0.702128	0.050848
0.00291383	-0.247744	0.282576
0.00293651	0.3444	0.486528
0.00295918	0.811216	0.61152
0.00298186	1.07654	0.613648
0.00300454	1.14419	0.48328
0.00302721	1.03634	0.278768
0.00304989	0.808752	0.031024
0.00307256	0.493808	-0.239344
0.00309524	0.150752	-0.453712
0.00311791	-0.218848	-0.566496
0.00314059	-0.557984	-0.560784
0.00316327	-0.843248	-0.44296
0.00318594	-1.10678	-0.252336
0.00320862	-1.24578	-0.036624
0.00323129	-1.18675	0.164752
0.00325397	-0.838656	0.329952
0.00327664	-0.162064	0.4592
0.00329932	0.496496	0.543088
0.003322	0.868448	0.543312
0.00334467	0.999376	0.43624
0.00336735	0.9352	0.23856
0.00339002	0.727104	-0.011984
0.0034127	0.432208	-0.260288
0.00343537	0.112	-0.44688
0.00345805	-0.229824	-0.533904
0.00348073	-0.526064	-0.50904
0.0035034	-0.7252	-0.380128
0.00352608	-0.830256	-0.180768
0.00354875	-0.70056	0.048272
0.00357143	-0.248192	0.281008
0.0035941	0.34272	0.48496
0.00361678	0.809872	0.61096
0.00363946	1.0761	0.614208
0.00366213	1.14475	0.484512
0.00368481	1.03779	0.280224
0.00370748	0.810768	0.032816
0.00373016	0.496272	-0.237664
0.00375283	0.153552	-0.452704
0.00377551	-0.216272	-0.56616
0.00379819	-0.555856	-0.561008
0.00382086	-0.841456	-0.443968
0.00384354	-1.10555	-0.253904
0.00386621	-1.24566	-0.03808
0.00388889	-1.18854	0.163744
0.00391156	-0.843248	0.328944
0.00393424	-0.168448	0.458304
0.00395692	0.492016	0.542528
0.00397959	0.86632	0.543536
0.00400227	0.998928	0.43736
0.00402494	0.936096	0.24024
0.00404762	0.729344	-0.009856
0.00407029	0.434448	-0.258608
0.00409297	0.114352	-0.44576
0.00411565	-0.227248	-0.533568
0.00413832	-0.524384	-0.509488
0.004161	-0.723856	-0.381248
0.00418367	-0.829696	-0.182448
0.00420635	-0.702016	0.046816
0.00422902	-0.251552	0.279216
0.0042517	0.339136	0.483728
0.00427438	0.80752	0.6104
0.00429705	1.07486	0.614544
0.00431973	1.14498	0.485856
0.0043424	1.0388	0.281792
0.00436508	0.81256	0.034496
0.00438776	0.498624	-0.235984
0.00441043	0.155904	-0.451584
0.00443311	-0.213808	-0.565824
0.00445578	-0.553952	-0.561568
0.00447846	-0.83944	-0.445312
0.00450113	-1.10376	-0.254912
0.00452381	-1.2451	-0.039648
0.00454649	-1.18899	0.1624
0.00456916	-0.845488	0.32816
0.00459184	-0.171696	0.457744
0.00461451	0.49	0.54264
0.00463719	0.865536	0.544096
0.00465986	0.999376	0.438368
0.00468254	0.937216	0.241696
0.00470522	0.730912	-0.0084
0.00472789	0.436464	-0.257376
0.00475057	0.116256	-0.444976
0.00477324	-0.225344	-0.533456
0.00479592	-0.523152	-0.510048
0.00481859	-0.72352	-0.38248
0.00484127	-0.830368	-0.183792
0.00486395	-0.705712	0.045248
0.00488662	-0.257376	0.277648
0.0049093	0.333984	0.482384
0.00493197	0.804272	0.609952
0.00495465	1.07341	0.615104
0.00497732	1.14498	0.4872
0.005	1.04014	0.283584
0.00502268	0.8148	0.036736
0.00504535	0.501424	-0.233744
0.00506803	0.158592	-0.450352
0.0050907	-0.210784	-0.565152
0.00511338	-0.551488	-0.562016
0.00513605	-0.8372	-0.446544
0.00515873	-1.10186	-0.256704
0.00518141	-1.24499	-0.04144
0.00520408	-1.18922	0.162512
0.00522676	-0.847616	0.329392
0.00524943	-0.175728	0.458976
0.00527211	0.487648	0.544096
0.00529478	0.865312	0.546336
0.00531746	1.00083	0.441616
0.00534014	0.94024	0.24528
0.00536281	0.73472	-0.00448
0.00538549	0.44072	-0.253792
0.00540816	0.120624	-0.441952
0.00543084	-0.221088	-0.53144
0.00545351	-0.519344	-0.508704
0.00547619	-0.720272	-0.381808
0.00549887	-0.828352	-0.183344
0.00552154	-0.7056	0.045696
0.00554422	-0.258944	0.277984
0.00556689	0.332416	0.483392
0.00558957	0.804048	0.61152
0.00561224	1.0743	0.617568
0.00563492	1.14722	0.490336
0.0056576	1.04328	0.286944
0.00568027	0.818608	0.040432
0.00570295	0.505568	-0.23016
0.00572562	0.163184	-0.447104
0.0057483	-0.206416	-0.563024
0.00577098	-0.547344	-0.560448
0.00579365	-0.83328	-0.445536
0.00581633	-1.09872	-0.256256
0.005839	-1.24242	-0.040768
0.00586168	-1.19022	0.161504
0.00588435	-0.852432	0.327712
0.00590703	-0.182	0.45808
0.00592971	0.482944	0.543536
0.00595238	0.86352	0.546896
0.00597506	1.00038	0.44296
0.00599773	0.941248	0.247072
0.00602041	0.736848	-0.002352
0.00604308	0.443408	-0.251776
0.00606576	0.123536	-0.440496
0.00608844	-0.21784	-0.530768
0.00611111	-0.51688	-0.50904
0.00613379	-0.718368	-0.382928
0.00615646	-0.826672	-0.185024
0.00617914	-0.705712	0.044016
0.00620181	-0.261184	0.276416
0.00622449	0.32984	0.482384
0.00624717	0.802144	0.61096
0.00626984	1.07341	0.618016
0.00629252	1.14755	0.491568
0.00631519	1.04462	0.288512
0.00633787	0.8204	0.042336
0.00636054	0.507696	-0.228592
0.00638322	0.165424	-0.445872
0.0064059	-0.203616	-0.562464
0.00642857	-0.545216	-0.560896
0.00645125	-0.831264	-0.446544
0.00647392	-1.09693	-0.2576
0.0064966	-1.24118	-0.042224
0.00651927	-1.18944	0.160384
0.00654195	-0.851984	0.327152
0.00656463	-0.181888	0.457856
0.0065873	0.483168	0.543984
0.00660998	0.86408	0.547344
0.00663265	1.00162	0.443632
0.00665533	0.942592	0.248416
0.006678	0.738416	-0.001456
0.00670068	0.44464	-0.251104
0.00672336	0.124544	-0.440496
0.00674603	-0.216944	-0.531216
0.00676871	-0.516656	-0.509712
0.00679138	-0.719152	-0.38416
0.00681406	-0.829248	-0.186144
0.00683673	-0.710976	0.042784
0.00685941	-0.268352	0.275184
0.00688209	0.323904	0.48104
0.00690476	0.798896	0.610848
0.00692744	1.07229	0.618688
0.00695011	1.148	0.493136
0.00697279	1.04619	0.290416
0.00699546	0.823088	0.044464
0.00701814	0.51072	-0.22624
0.00704082	0.168784	-0.444416
0.00706349	-0.200368	-0.562128
0.00708617	-0.54264	-0.561568
0.00710884	-0.828464	-0.448112
0.00713152	-1.09402	-0.259392
0.0071542	-1.2395	-0.043792
0.00717687	-1.18877	0.159152
0.00719955	-0.85232	0.326368
0.00722222	-0.182784	0.457632
0.0072449	0.482608	0.544096
0.00726757	0.864304	0.548352
0.00729025	1.00229	0.444864
0.00731293	0.943936	0.249536
0.0073356	0.740096	-0.000224
0.00735828	0.446208	-0.250544
0.00738095	0.126112	-0.440384
0.00740363	-0.21616	-0.531776
0.0074263	-0.516656	-0.511056
0.00744898	-0.720608	-0.385616
0.00747166	-0.833392	-0.187824
0.00749433	-0.721056	0.040768
0.00751701	-0.281904	0.272944
0.00753968	0.312592	0.479136
0.00756236	0.791952	0.609616
0.00758503	1.06904	0.61936
0.00760771	1.14778	0.495264
0.00763039	1.04843	0.29344
0.00765306	0.826784	0.048048
0.00767574	0.515312	-0.222768
0.00769841	0.173488	-0.442288
0.00772109	-0.19544	-0.56112
0.00774376	-0.538384	-0.562128
0.00776644	-0.824432	-0.450128
0.00778912	-1.09088	-0.262304
0.00781179	-1.23827	-0.046704
0.00783447	-1.19011	0.156576
0.00785714	-0.858144	0.324464
0.00787982	-0.19096	0.456288
0.00790249	0.477008	0.543872
0.00792517	0.861952	0.549024
0.00794785	1.00251	0.446992
0.00797052	0.94584	0.252336
0.0079932	0.743344	0.003136
0.00801587	0.450016	-0.24752
0.00803855	0.130032	-0.438816
0.00806122	-0.21224	-0.531664
0.0080839	-0.51408	-0.512176
0.00810658	-0.719264	-0.387856
0.00812925	-0.834848	-0.190624
0.00815193	-0.727216	0.03752
0.0081746	-0.292544	0.269472
0.00819728	0.302736	0.476336
0.00821995	0.785568	0.608608
0.00824263	1.0659	0.620256
0.00826531	1.148	0.497952
0.00828798	1.05067	0.2968
0.00831066	0.830592	0.05208
0.00833333	0.520352	-0.21896
0.00835601	0.178528	-0.439824
0.00837868	-0.191968	-0.56224
0.00840136	-0.536368	-0.565376
0.00842404	-0.823088	-0.454384
0.00844671	-1.09077	-0.267344
0.00846939	-1.24197	-0.05208
0.00849206	-1.19885	0.151648
0.00851474	-0.87528	0.319648
0.00853741	-0.214368	0.451248
0.00856009	0.459312	0.539504
0.00858277	0.85176	0.547008
0.00860544	0.997472	0.447216
0.00862812	0.945616	0.254912
0.00865079	0.746144	0.006384
0.00867347	0.454608	-0.244384
0.00869615	0.135184	-0.436688
0.00871882	-0.205968	-0.531776
0.0087415	-0.508816	-0.514528
0.00876417	-0.714224	-0.39256
0.00878685	-0.829136	-0.196448
0.00880952	-0.7224	0.031696
0.0088322	-0.290192	0.26432
0.00885488	0.301168	0.472416
0.00887755	0.782656	0.605584
0.00890023	1.06344	0.6188
0.0089229	1.14643	0.497392
0.00894558	1.05022	0.296576
0.00896825	0.830928	0.052416
0.00899093	0.521136	-0.218736
0.00901361	0.179536	-0.44016
0.00903628	-0.188608	-0.561568
0.00905896	-0.533232	-0.5656
0.00908163	-0.820064	-0.455728
0.00910431	-1.08752	-0.269024
0.00912698	-1.23872	-0.05376
0.00914966	-1.19582	0.150416
0.00917234	-0.872144	0.319088
0.00919501	-0.21056	0.451808
0.00921769	0.462224	0.540512
0.00924036	0.853776	0.548128
0.00926304	0.999376	0.448448
0.00928571	0.946848	0.255584
0.00930839	0.747152	0.007168
0.00933107	0.45528	-0.244384
0.00935374	0.13552	-0.43736
0.00937642	-0.206416	-0.53256
0.00939909	-0.51016	-0.515648
0.00942177	-0.717808	-0.39368
0.00944444	-0.836192	-0.198016
0.00946712	-0.736064	0.029904
0.0094898	-0.308672	0.26208
0.00951247	0.286272	0.470064
0.00953515	0.77392	0.604464
0.00955782	1.0593	0.619584
0.0095805	1.1461	0.500192
0.00960317	1.05235	0.299936
0.00962585	0.834848	0.05656
0.00964853	0.526064	-0.214704
0.0096712	0.184912	-0.43736
0.00969388	-0.182784	-0.560784
0.00971655	-0.528528	-0.566272
0.00973923	-0.815696	-0.45808
0.0097619	-1.08371	-0.272272
0.00978458	-1.23816	-0.057008
0.00980726	-1.19885	0.147168
0.00982993	-0.880768	0.316512
0.00985261	-0.223328	0.449568
0.00987528	0.452928	0.53928
0.00989796	0.849072	0.548688
0.00992063	0.99848	0.4508
0.00994331	0.948752	0.25928
0.00996599	0.751296	0.011312
0.00998866	0.46032	-0.240464
0.0100113	0.140784	-0.434784
0.010034	-0.200592	-0.531776
0.0100567	-0.505904	-0.516992
0.0100794	-0.714336	-0.396256
0.010102	-0.834512	-0.201264
0.0101247	-0.738752	0.02632
0.0101474	-0.31584	0.25872
0.0101701	0.278432	0.467152
0.0101927	0.768432	0.603232
0.0102154	1.05672	0.620256
0.0102381	1.14621	0.502544
0.0102608	1.05448	0.303072
0.0102834	0.838768	0.060368
0.0103061	0.530768	-0.210896
0.0103288	0.189952	-0.434896
0.0103515	-0.177632	-0.559776
0.0103741	-0.524384	-0.56728
0.0103968	-0.811776	-0.460432
0.0104195	-1.0808	-0.275744
0.0104422	-1.23805	-0.060368
0.0104649	-1.20221	0.144256
0.0104875	-0.890512	0.314048
0.0105102	-0.237776	0.447552
0.0105329	0.441952	0.537936
0.0105556	0.84392	0.549024
0.0105782	0.996912	0.45304
0.0106009	0.950656	0.262976
0.0106236	0.755216	0.015904
0.0106463	0.465584	-0.236432
0.0106689	0.146608	-0.431984
0.0106916	-0.194544	-0.530768
0.0107143	-0.500864	-0.517552
0.010737	-0.709968	-0.398608
0.0107596	-0.831152	-0.204624
0.0107823	-0.73808	0.023072
0.010805	-0.318416	0.255696
0.0108277	0.274288	0.464912
0.0108503	0.765072	0.602
0.010873	1.05493	0.621152
0.0108957	1.14654	0.504672
0.0109184	1.05661	0.305984
0.010941	0.842128	0.063504
0.0109637	0.534576	-0.207984
0.0109864	0.194096	-0.432656
0.0110091	-0.173264	-0.558992
0.0110317	-0.5208	-0.56784
0.0110544	-0.808864	-0.461888
0.0110771	-1.07867	-0.27776
0.0110998	-1.23805	-0.062832
0.0111224	-1.20534	0.142128
0.0111451	-0.898576	0.312256
0.0111678	-0.24976	0.44576
0.0111905	0.43288	0.53704
0.0112132	0.839104	0.549248
0.0112358	0.995344	0.454608
0.0112585	0.951664	0.266
0.0112812	0.758464	0.019152
0.0113039	0.469616	-0.233072
0.0113265	0.1512	-0.42952
0.0113492	-0.189392	-0.529872
0.0113719	-0.496832	-0.518
0.0113946	-0.706384	-0.4004
0.0114172	-0.828464	-0.2072
0.0114399	-0.73752	0.02016
0.0114626	-0.320544	0.25312
0.0114853	0.270592	0.463232
0.0115079	0.762384	0.60144
0.0115306	1.05325	0.6216
0.0115533	1.14666	0.506128
0.011576	1.05829	0.307776
0.0115986	0.846384	0.067872
0.0116213	0.540176	-0.20328
0.011644	0.199472	-0.42896
0.0116667	-0.167776	-0.556416
0.0116893	-0.515872	-0.566496
0.011712	-0.804272	-0.461888
0.0117347	-1.07453	-0.277872
0.0117574	-1.23614	-0.063168
0.01178	-1.20624	0.142128
0.0118027	-0.903952	0.312592
0.0118254	-0.258496	0.446208
0.0118481	0.426944	0.537824
0.0118707	0.836976	0.551264
0.0118934	0.996128	0.458304
0.0119161	0.954912	0.270256
0.0119388	0.763392	0.024304
0.0119615	0.47544	-0.228144
0.0119841	0.157136	-0.425712
0.0120068	-0.183008	-0.526848
0.0120295	-0.491344	-0.516656
0.0120522	-0.701792	-0.400176
0.0120748	-0.824096	-0.207648
0.0120975	-0.735392	0.0196
0.0121202	-0.32088	0.252784
0.0121429	0.269248	0.463456
0.0121655	0.7616	0.602448
0.0121882	1.05414	0.62384
0.0122109	1.1489	0.5096
0.0122336	1.06165	0.311584
0.0122562	0.848736	0.069888
0.0122789	0.542528	-0.2016
0.0123016	0.202048	-0.427728
0.0123243	-0.165088	-0.555968
0.0123469	-0.51352	-0.566944
0.0123696	-0.802032	-0.463008
0.0123923	-1.07307	-0.279552
0.012415	-1.23581	-0.064736
0.0124376	-1.20781	0.14056
0.0124603	-0.909104	0.311136
0.012483	-0.265888	0.445088
0.0125057	0.421344	0.537152
0.0125283	0.834064	0.551264
0.012551	0.995008	0.4592
0.0125737	0.955584	0.272384
0.0125964	0.764848	0.02632
0.012619	0.477568	-0.226352
0.0126417	0.159712	-0.424368
0.0126644	-0.179984	-0.5264
0.0126871	-0.489104	-0.516992
0.0127098	-0.7	-0.401408
0.0127324	-0.823088	-0.209328
0.0127551	-0.736736	0.017696
0.0127778	-0.324688	0.25088
0.0128005	0.26488	0.462
0.0128231	0.758576	0.601776
0.0128458	1.05224	0.623952
0.0128685	1.14856	0.51072
0.0128912	1.06254	0.313152
0.0129138	0.850528	0.071792
0.0129365	0.544656	-0.199696
0.0129592	0.204512	-0.426384
0.0129819	-0.162512	-0.555184
0.0130045	-0.511392	-0.567168
0.0130272	-0.80024	-0.463904
0.0130499	-1.0715	-0.280896
0.0130726	-1.23547	-0.066416
0.0130952	-1.20915	0.139104
0.0131179	-0.912912	0.309904
0.0131406	-0.27216	0.443968
0.0131633	0.416416	0.536256
0.0131859	0.831376	0.551376
0.0132086	0.994448	0.46032
0.0132313	0.956368	0.27384
0.013254	0.766752	0.028336
0.0132766	0.480144	-0.224336
0.0132993	0.1624	-0.422912
0.013322	-0.177296	-0.526064
0.0133447	-0.486864	-0.517664
0.0133673	-0.698432	-0.402528
0.01339	-0.82208	-0.210784
0.0134127	-0.737184	0.015904
0.0134354	-0.327264	0.2492
0.013458	0.261856	0.460656
0.0134807	0.756112	0.601216
0.0135034	1.05123	0.624512
0.0135261	1.14878	0.511728
0.0135488	1.06333	0.314496
0.0135714	0.852096	0.073472
0.0135941	0.546672	-0.198128
0.0136168	0.20664	-0.425264
0.0136395	-0.160048	-0.555072
0.0136621	-0.509936	-0.567616
0.0136848	-0.798896	-0.465024
0.0137075	-1.07038	-0.282352
0.0137302	-1.23614	-0.067648
0.0137528	-1.21162	0.137648
0.0137755	-0.91896	0.30856
0.0137982	-0.28112	0.442624
0.0138209	0.409472	0.535584
0.0138435	0.827792	0.55104
0.0138662	0.992992	0.461216
0.0138889	0.95704	0.275968
0.0139116	0.768768	0.0308
0.0139342	0.48272	-0.222096
0.0139569	0.165424	-0.421344
0.0139796	-0.1736	-0.525056
