-0.0700113	0.009212	-0.008274
-0.0699887	0.00882	-0.008274
-0.069966	0.009016	-0.008274
-0.0699433	0.009212	-0.008274
-0.0699206	0.009016	-0.008274
-0.069898	0.009016	-0.008274
-0.0698753	0.009016	-0.008274
-0.0698526	0.009212	-0.008471
-0.0698299	0.009016	-0.008274
-0.0698073	0.00882	-0.008274
-0.0697846	0.009016	-0.008274
-0.0697619	0.009016	-0.008274
-0.0697392	0.009212	-0.008077
-0.0697166	0.00882	-0.008077
-0.0696939	0.007644	-0.009653
-0.0696712	0.007448	-0.010047
-0.0696485	0.007252	-0.009653
-0.0696259	0.007448	-0.00985
-0.0696032	0.007448	-0.00985
-0.0695805	0.007644	-0.009653
-0.0695578	0.007644	-0.00985
-0.0695351	0.007644	-0.009653
-0.0695125	0.007448	-0.00985
-0.0694898	0.007448	-0.00985
-0.0694671	0.00784	-0.00985
-0.0694444	0.007644	-0.009653
-0.0694218	0.007448	-0.00985
-0.0693991	0.007252	-0.010047
-0.0693764	0.007448	-0.00985
-0.0693537	0.007448	-0.010047
-0.0693311	0.007448	-0.009653
-0.0693084	0.007448	-0.009653
-0.0692857	0.00784	-0.00985
-0.069263	0.007644	-0.009653
-0.0692404	0.007644	-0.009653
-0.0692177	0.007448	-0.009653
-0.069195	0.007448	-0.00985
-0.0691723	0.007644	-0.00985
-0.0691497	0.007448	-0.010047
-0.069127	0.007644	-0.00985
-0.0691043	0.007252	-0.00985
-0.0690816	0.007252	-0.00985
-0.069059	0.007448	-0.00985
-0.0690363	0.007448	-0.00985
-0.0690136	0.007448	-0.00985
-0.0689909	0.007448	-0.00985
-0.0689683	0.007448	-0.00985
-0.0689456	0.007644	-0.009653
-0.0689229	0.007644	-0.009653
-0.0689002	0.00784	-0.009653
-0.0688776	0.007644	-0.00985
-0.0688549	0.007448	-0.00985
-0.0688322	0.007448	-0.00985
-0.0688095	0.007448	-0.010047
-0.0687868	0.007448	-0.010047
-0.0687642	0.007448	-0.010047
-0.0687415	0.007448	-0.00985
-0.0687188	0.007448	-0.009653
-0.0686961	0.007644	-0.009653
-0.0686735	0.007448	-0.009653
-0.0686508	0.007644	-0.00985
-0.0686281	0.007644	-0.00985
-0.0686054	0.007644	-0.00985
-0.0685828	0.007448	-0.00985
-0.0685601	0.007644	-0.00985
-0.0685374	0.007448	-0.00985
-0.0685147	0.007448	-0.010047
-0.0684921	0.007448	-0.00985
-0.0684694	0.007448	-0.00985
-0.0684467	0.007644	-0.00985
-0.068424	0.007448	-0.00985
-0.0684014	0.007448	-0.009653
-0.0683787	0.007448	-0.00985
-0.068356	0.007644	-0.00985
-0.0683333	0.007644	-0.00985
-0.0683107	0.007448	-0.00985
-0.068288	0.007448	-0.010047
-0.0682653	0.007448	-0.00985
-0.0682426	0.007448	-0.010047
-0.06822	0.007644	-0.00985
-0.0681973	0.007448	-0.00985
-0.0681746	0.007252	-0.00985
-0.0681519	0.007448	-0.00985
-0.0681293	0.007448	-0.00985
-0.0681066	0.007448	-0.00985
-0.0680839	0.007644	-0.00985
-0.0680612	0.00784	-0.00985
-0.0680385	0.00784	-0.010047
-0.0680159	0.007644	-0.00985
-0.0679932	0.007448	-0.00985
-0.0679705	0.007448	-0.00985
-0.0679478	0.007644	-0.009653
-0.0679252	0.007252	-0.00985
-0.0679025	0.007448	-0.010047
-0.0678798	0.007448	-0.010047
-0.0678571	0.007252	-0.00985
-0.0678345	0.007448	-0.00985
-0.0678118	0.007644	-0.00985
-0.0677891	0.00784	-0.00985
-0.0677664	0.007252	-0.010047
-0.0677438	0.007644	-0.009653
-0.0677211	0.00784	-0.00985
-0.0676984	0.007448	-0.00985
-0.0676757	0.007644	-0.00985
-0.0676531	0.007448	-0.010047
-0.0676304	0.007448	-0.00985
-0.0676077	0.007448	-0.009653
-0.067585	0.007448	-0.00985
-0.0675624	0.00784	-0.00985
-0.0675397	0.007448	-0.009653
-0.067517	0.007448	-0.009653
-0.0674943	0.007448	-0.00985
-0.0674717	0.007448	-0.00985
-0.067449	0.00784	-0.009653
-0.0674263	0.007644	-0.00985
-0.0674036	0.007644	-0.00985
-0.067381	0.007644	-0.00985
-0.0673583	0.007448	-0.00985
-0.0673356	0.007448	-0.00985
-0.0673129	0.007448	-0.00985
-0.0672902	0.007448	-0.00985
-0.0672676	0.007448	-0.009653
-0.0672449	0.007448	-0.00985
-0.0672222	0.007448	-0.009653
-0.0671995	0.007644	-0.00985
-0.0671769	0.007644	-0.009653
-0.0671542	0.00784	-0.009653
-0.0671315	0.007448	-0.00985
-0.0671088	0.007448	-0.00985
-0.0670862	0.007448	-0.00985
-0.0670635	0.007448	-0.00985
-0.0670408	0.007448	-0.00985
-0.0670181	0.007252	-0.00985
-0.0669955	0.007448	-0.00985
-0.0669728	0.007448	-0.009653
-0.0669501	0.007448	-0.00985
-0.0669274	0.007644	-0.009653
-0.0669048	0.007644	-0.00985
-0.0668821	0.007448	-0.009653
-0.0668594	0.007448	-0.009653
-0.0668367	0.007644	-0.00985
-0.0668141	0.007644	-0.009653
-0.0667914	0.007448	-0.00985
-0.0667687	0.00686	-0.010441
-0.066746	0.007056	-0.010244
-0.0667234	0.007448	-0.00985
-0.0667007	0.007644	-0.009653
-0.066678	0.007252	-0.010047
-0.0666553	0.00686	-0.010638
-0.0666327	0.00686	-0.010244
-0.06661	0.007252	-0.010047
-0.0665873	0.00784	-0.009653
-0.0665646	0.007252	-0.010244
-0.066542	0.00686	-0.010638
-0.0665193	0.00686	-0.010638
-0.0664966	0.007056	-0.010047
-0.0664739	0.007448	-0.00985
-0.0664512	0.00784	-0.009456
-0.0664286	0.009212	-0.00788
-0.0664059	0.00882	-0.008668
-0.0663832	0.008428	-0.009062
-0.0663605	0.009016	-0.008274
-0.0663379	0.009016	-0.008274
-0.0663152	0.00882	-0.008668
-0.0662925	0.008624	-0.008668
-0.0662698	0.008232	-0.009062
-0.0662472	0.008428	-0.008668
-0.0662245	0.009212	-0.008274
-0.0662018	0.009212	-0.008274
-0.0661791	0.009016	-0.008274
-0.0661565	0.008624	-0.008865
-0.0661338	0.008428	-0.008865
-0.0661111	0.00882	-0.008471
-0.0660884	0.009016	-0.008274
-0.0660658	0.009016	-0.008471
-0.0660431	0.00882	-0.008865
-0.0660204	0.008624	-0.008865
-0.0659977	0.00882	-0.008471
-0.0659751	0.009016	-0.008274
-0.0659524	0.00882	-0.008274
-0.0659297	0.00882	-0.008274
-0.065907	0.008624	-0.008668
-0.0658844	0.008232	-0.008865
-0.0658617	0.00882	-0.008274
-0.065839	0.009016	-0.008274
-0.0658163	0.00882	-0.008471
-0.0657937	0.00882	-0.008668
-0.065771	0.00882	-0.008668
-0.0657483	0.00882	-0.008471
-0.0657256	0.009212	-0.008077
-0.0657029	0.009016	-0.008471
-0.0656803	0.00882	-0.008471
-0.0656576	0.008624	-0.008668
-0.0656349	0.008428	-0.008865
-0.0656122	0.009016	-0.008274
-0.0655896	0.009212	-0.008274
-0.0655669	0.00882	-0.008471
-0.0655442	0.00882	-0.008668
-0.0655215	0.00882	-0.008668
-0.0654989	0.00882	-0.008471
-0.0654762	0.009212	-0.008077
-0.0654535	0.009212	-0.008471
-0.0654308	0.009016	-0.008471
-0.0654082	0.008232	-0.009062
-0.0653855	0.008624	-0.008668
-0.0653628	0.00882	-0.008471
-0.0653401	0.008624	-0.008471
-0.0653175	0.009016	-0.008274
-0.0652948	0.008624	-0.008865
-0.0652721	0.008624	-0.008668
-0.0652494	0.00882	-0.008471
-0.0652268	0.009212	-0.008274
-0.0652041	0.009212	-0.008274
-0.0651814	0.009016	-0.008274
-0.0651587	0.00882	-0.008865
-0.0651361	0.008624	-0.008471
-0.0651134	0.00882	-0.008471
-0.0650907	0.009016	-0.008668
-0.065068	0.009212	-0.008274
-0.0650454	0.008624	-0.008668
-0.0650227	0.008624	-0.008471
-0.065	0.009016	-0.008077
-0.0649773	0.009016	-0.008077
-0.0649546	0.009016	-0.008274
-0.064932	0.009212	-0.008274
-0.0649093	0.008428	-0.009062
-0.0648866	0.00882	-0.008471
-0.0648639	0.009212	-0.008077
-0.0648413	0.00882	-0.008668
-0.0648186	0.009212	-0.008077
-0.0647959	0.008624	-0.008865
-0.0647732	0.008624	-0.008668
-0.0647506	0.00882	-0.008274
-0.0647279	0.00882	-0.008471
-0.0647052	0.009016	-0.008077
-0.0646825	0.009016	-0.008274
-0.0646599	0.008624	-0.008668
-0.0646372	0.00882	-0.008471
-0.0646145	0.009016	-0.008274
-0.0645918	0.00882	-0.008471
-0.0645692	0.009016	-0.008274
-0.0645465	0.00882	-0.008668
-0.0645238	0.00882	-0.008668
-0.0645011	0.00882	-0.008274
-0.0644785	0.009016	-0.008471
-0.0644558	0.009212	-0.008077
-0.0644331	0.009016	-0.008274
-0.0644104	0.00882	-0.008865
-0.0643878	0.008624	-0.008471
-0.0643651	0.009212	-0.008274
-0.0643424	0.009016	-0.008077
-0.0643197	0.009212	-0.008077
-0.0642971	0.00882	-0.008471
-0.0642744	0.00882	-0.008471
-0.0642517	0.009016	-0.008471
-0.064229	0.009016	-0.008471
-0.0642063	0.009016	-0.008274
-0.0641837	0.009016	-0.008077
-0.064161	0.008624	-0.008865
-0.0641383	0.00882	-0.008471
-0.0641156	0.00882	-0.008274
-0.064093	0.009016	-0.008274
-0.0640703	0.009212	-0.008077
-0.0640476	0.009016	-0.008274
-0.0640249	0.009016	-0.008471
-0.0640023	0.009212	-0.008274
-0.0639796	0.009212	-0.008274
-0.0639569	0.009212	-0.008274
-0.0639342	0.009212	-0.008274
-0.0639116	0.008624	-0.008471
-0.0638889	0.00882	-0.008471
-0.0638662	0.009016	-0.008274
-0.0638435	0.00882	-0.008274
-0.0638209	0.009016	-0.008274
-0.0637982	0.00882	-0.008471
-0.0637755	0.008624	-0.008274
-0.0637528	0.009212	-0.008274
-0.0637302	0.009212	-0.008274
-0.0637075	0.009016	-0.008274
-0.0636848	0.009212	-0.008274
-0.0636621	0.00882	-0.008471
-0.0636395	0.00882	-0.008668
-0.0636168	0.009016	-0.008274
-0.0635941	0.009016	-0.008274
-0.0635714	0.009212	-0.008077
-0.0635488	0.009016	-0.008274
-0.0635261	0.00882	-0.008471
-0.0635034	0.009212	-0.008274
-0.0634807	0.009212	-0.008077
-0.063458	0.009016	-0.008274
-0.0634354	0.009212	-0.008274
-0.0634127	0.009016	-0.008274
-0.06339	0.008624	-0.008668
-0.0633673	0.009016	-0.008274
-0.0633447	0.009016	-0.008077
-0.063322	0.009212	-0.008274
-0.0632993	0.009016	-0.008274
-0.0632766	0.009016	-0.008274
-0.063254	0.008624	-0.008471
-0.0632313	0.007448	-0.00985
-0.0632086	0.007448	-0.00985
-0.0631859	0.007252	-0.00985
-0.0631633	0.007448	-0.00985
-0.0631406	0.007252	-0.00985
-0.0631179	0.007252	-0.00985
-0.0630952	0.007644	-0.009653
-0.0630726	0.007448	-0.009653
-0.0630499	0.007644	-0.009653
-0.0630272	0.007644	-0.00985
-0.0630045	0.007448	-0.010047
-0.0629819	0.007644	-0.00985
-0.0629592	0.007448	-0.009653
-0.0629365	0.007448	-0.010047
-0.0629138	0.007448	-0.00985
-0.0628912	0.007252	-0.010047
-0.0628685	0.007252	-0.00985
-0.0628458	0.007448	-0.00985
-0.0628231	0.007644	-0.00985
-0.0628005	0.007644	-0.009653
-0.0627778	0.007644	-0.009653
-0.0627551	0.007252	-0.00985
-0.0627324	0.007644	-0.00985
-0.0627098	0.007644	-0.00985
-0.0626871	0.007252	-0.00985
-0.0626644	0.007448	-0.00985
-0.0626417	0.007252	-0.010047
-0.062619	0.007252	-0.010047
-0.0625964	0.007448	-0.009653
-0.0625737	0.007448	-0.009653
-0.062551	0.007252	-0.010047
-0.0625283	0.007448	-0.009653
-0.0625057	0.007448	-0.00985
-0.062483	0.00784	-0.009456
-0.0624603	0.00784	-0.009259
-0.0624376	0.007448	-0.00985
-0.062415	0.007448	-0.00985
-0.0623923	0.007056	-0.010047
-0.0623696	0.007448	-0.00985
-0.0623469	0.007448	-0.009653
-0.0623243	0.007056	-0.010047
-0.0623016	0.007252	-0.00985
-0.0622789	0.007448	-0.009653
-0.0622562	0.007252	-0.010047
-0.0622336	0.00784	-0.009653
-0.0622109	0.008036	-0.009259
-0.0621882	0.00784	-0.00985
-0.0621655	0.00784	-0.00985
-0.0621429	0.007644	-0.009653
-0.0621202	0.007448	-0.010047
-0.0620975	0.007644	-0.010047
-0.0620748	0.007448	-0.010047
-0.0620522	0.007252	-0.010047
-0.0620295	0.007448	-0.00985
-0.0620068	0.007252	-0.010047
-0.0619841	0.007644	-0.009653
-0.0619615	0.00784	-0.009456
-0.0619388	0.007644	-0.00985
-0.0619161	0.007644	-0.009653
-0.0618934	0.007644	-0.009653
-0.0618707	0.00784	-0.00985
-0.0618481	0.008036	-0.009456
-0.0618254	0.00784	-0.00985
-0.0618027	0.007448	-0.010047
-0.06178	0.007644	-0.00985
-0.0617574	0.007252	-0.010047
-0.0617347	0.007644	-0.009653
-0.061712	0.00784	-0.009456
-0.0616893	0.007252	-0.00985
-0.0616667	0.007448	-0.00985
-0.061644	0.00784	-0.009653
-0.0616213	0.007644	-0.00985
-0.0615986	0.007448	-0.00985
-0.061576	0.00784	-0.009653
-0.0615533	0.007448	-0.00985
-0.0615306	0.007644	-0.00985
-0.0615079	0.007448	-0.010244
-0.0614853	0.007644	-0.00985
-0.0614626	0.007448	-0.00985
-0.0614399	0.007448	-0.00985
-0.0614172	0.007252	-0.010047
-0.0613946	0.00686	-0.010441
-0.0613719	0.007448	-0.009653
-0.0613492	0.00784	-0.009456
-0.0613265	0.00784	-0.009653
-0.0613039	0.007644	-0.009653
-0.0612812	0.007644	-0.00985
-0.0612585	0.00784	-0.009653
-0.0612358	0.00784	-0.009653
-0.0612132	0.007448	-0.00985
-0.0611905	0.007448	-0.009653
-0.0611678	0.007252	-0.00985
-0.0611451	0.007448	-0.00985
-0.0611224	0.007448	-0.009456
-0.0610998	0.007448	-0.009653
-0.0610771	0.00784	-0.009259
-0.0610544	0.007448	-0.009653
-0.0610317	0.007644	-0.009653
-0.0610091	0.00784	-0.009456
-0.0609864	0.00784	-0.009456
-0.0609637	0.00784	-0.009456
-0.060941	0.00784	-0.009653
-0.0609184	0.007252	-0.010244
-0.0608957	0.007252	-0.010047
-0.060873	0.007448	-0.00985
-0.0608503	0.007448	-0.010047
-0.0608277	0.007448	-0.009653
-0.060805	0.007448	-0.00985
-0.0607823	0.007448	-0.009653
-0.0607596	0.007448	-0.009653
-0.060737	0.007644	-0.009653
-0.0607143	0.00784	-0.009653
-0.0606916	0.007644	-0.009456
-0.0606689	0.007448	-0.009653
-0.0606463	0.007448	-0.00985
-0.0606236	0.007448	-0.00985
-0.0606009	0.007252	-0.010047
-0.0605782	0.007448	-0.010047
-0.0605556	0.007252	-0.010047
-0.0605329	0.007448	-0.00985
-0.0605102	0.007644	-0.009653
-0.0604875	0.007644	-0.009653
-0.0604649	0.007644	-0.009456
-0.0604422	0.007644	-0.009653
-0.0604195	0.00784	-0.00985
-0.0603968	0.00784	-0.00985
-0.0603741	0.007644	-0.00985
-0.0603515	0.007448	-0.00985
-0.0603288	0.007644	-0.00985
-0.0603061	0.007448	-0.00985
-0.0602834	0.007448	-0.00985
-0.0602608	0.007448	-0.00985
-0.0602381	0.007448	-0.00985
-0.0602154	0.007448	-0.009653
-0.0601927	0.007448	-0.009653
-0.0601701	0.007644	-0.009456
-0.0601474	0.00784	-0.009653
-0.0601247	0.007644	-0.00985
-0.060102	0.00784	-0.009653
-0.0600794	0.007644	-0.00985
-0.0600567	0.007448	-0.010047
-0.060034	0.007644	-0.009653
-0.0600113	0.007252	-0.010244
-0.0599887	0.00784	-0.009259
-0.059966	0.009212	-0.00788
-0.0599433	0.009212	-0.008274
-0.0599206	0.009016	-0.008077
-0.059898	0.009212	-0.008274
-0.0598753	0.009212	-0.008077
-0.0598526	0.009212	-0.008274
-0.0598299	0.009016	-0.008274
-0.0598073	0.009212	-0.008471
-0.0597846	0.009016	-0.008274
-0.0597619	0.009016	-0.008274
-0.0597392	0.009016	-0.008274
-0.0597166	0.009016	-0.008274
-0.0596939	0.009016	-0.008274
-0.0596712	0.009016	-0.008274
-0.0596485	0.009016	-0.008077
-0.0596259	0.009016	-0.008274
-0.0596032	0.009212	-0.008274
-0.0595805	0.009016	-0.008077
-0.0595578	0.009016	-0.008274
-0.0595351	0.009016	-0.008274
-0.0595125	0.009016	-0.008274
-0.0594898	0.009016	-0.008471
-0.0594671	0.009016	-0.008471
-0.0594444	0.009016	-0.008274
-0.0594218	0.00882	-0.008274
-0.0593991	0.009212	-0.008077
-0.0593764	0.009016	-0.008274
-0.0593537	0.009016	-0.008274
-0.0593311	0.009212	-0.008274
-0.0593084	0.009016	-0.008274
-0.0592857	0.009212	-0.008274
-0.059263	0.009016	-0.008274
-0.0592404	0.009016	-0.008274
-0.0592177	0.009016	-0.008274
-0.059195	0.00882	-0.008274
-0.0591723	0.009016	-0.008471
-0.0591497	0.009016	-0.008274
-0.059127	0.00882	-0.008471
-0.0591043	0.009016	-0.008274
-0.0590816	0.009212	-0.008077
-0.059059	0.009016	-0.008077
-0.0590363	0.009016	-0.008077
-0.0590136	0.009016	-0.008274
-0.0589909	0.009016	-0.008274
-0.0589683	0.009212	-0.008274
-0.0589456	0.009016	-0.008471
-0.0589229	0.009016	-0.008274
-0.0589002	0.009016	-0.008471
-0.0588776	0.009016	-0.008274
-0.0588549	0.009212	-0.008274
-0.0588322	0.009016	-0.008274
-0.0588095	0.009016	-0.008077
-0.0587868	0.009212	-0.008077
-0.0587642	0.009016	-0.008274
-0.0587415	0.009212	-0.008077
-0.0587188	0.009212	-0.008077
-0.0586961	0.009212	-0.008274
-0.0586735	0.009212	-0.008274
-0.0586508	0.009212	-0.008274
-0.0586281	0.009212	-0.008274
-0.0586054	0.009016	-0.008274
-0.0585828	0.009016	-0.008274
-0.0585601	0.009016	-0.008077
-0.0585374	0.009212	-0.008274
-0.0585147	0.009016	-0.008077
-0.0584921	0.009212	-0.008077
-0.0584694	0.009408	-0.008274
-0.0584467	0.009408	-0.008077
-0.058424	0.009212	-0.008077
-0.0584014	0.009212	-0.008274
-0.0583787	0.009212	-0.008274
-0.058356	0.009212	-0.008274
-0.0583333	0.009212	-0.008274
-0.0583107	0.009016	-0.008274
-0.058288	0.009016	-0.008274
-0.0582653	0.009212	-0.008274
-0.0582426	0.009016	-0.008274
-0.05822	0.009016	-0.008274
-0.0581973	0.009016	-0.008471
-0.0581746	0.009016	-0.008274
-0.0581519	0.009016	-0.008274
-0.0581293	0.009016	-0.008274
-0.0581066	0.009212	-0.008274
-0.0580839	0.009212	-0.008274
-0.0580612	0.009212	-0.008274
-0.0580385	0.009016	-0.008471
-0.0580159	0.009016	-0.008077
-0.0579932	0.009016	-0.008274
-0.0579705	0.009016	-0.008471
-0.0579478	0.009016	-0.008274
-0.0579252	0.009016	-0.008274
-0.0579025	0.009212	-0.008274
-0.0578798	0.009016	-0.008274
-0.0578571	0.009212	-0.008274
-0.0578345	0.009212	-0.008274
-0.0578118	0.009408	-0.008471
-0.0577891	0.009212	-0.008077
-0.0577664	0.009212	-0.008274
-0.0577438	0.009212	-0.008471
-0.0577211	0.009212	-0.008274
-0.0576984	0.009016	-0.008274
-0.0576757	0.009016	-0.008274
-0.0576531	0.009016	-0.008077
-0.0576304	0.009016	-0.008077
-0.0576077	0.009016	-0.008077
-0.057585	0.009016	-0.008274
-0.0575624	0.009016	-0.008274
-0.0575397	0.009212	-0.008274
-0.057517	0.009212	-0.008274
-0.0574943	0.009212	-0.008274
-0.0574717	0.009212	-0.008274
-0.057449	0.009016	-0.008274
-0.0574263	0.009016	-0.008077
-0.0574036	0.009016	-0.008274
-0.057381	0.009016	-0.008274
-0.0573583	0.009016	-0.008274
-0.0573356	0.009212	-0.008274
-0.0573129	0.009212	-0.008274
-0.0572902	0.009016	-0.008274
-0.0572676	0.009016	-0.008077
-0.0572449	0.009212	-0.008274
-0.0572222	0.009016	-0.008077
-0.0571995	0.009016	-0.008274
-0.0571769	0.009016	-0.008274
-0.0571542	0.009212	-0.008274
-0.0571315	0.009016	-0.008471
-0.0571088	0.009016	-0.008274
-0.0570862	0.009016	-0.008274
-0.0570635	0.009016	-0.008471
-0.0570408	0.009016	-0.008471
-0.0570181	0.009212	-0.008274
-0.0569955	0.009016	-0.008274
-0.0569728	0.009016	-0.008077
-0.0569501	0.009212	-0.008077
-0.0569274	0.009016	-0.008077
-0.0569048	0.009212	-0.008274
-0.0568821	0.009016	-0.008274
-0.0568594	0.009016	-0.008077
-0.0568367	0.009016	-0.008471
-0.0568141	0.009212	-0.008077
-0.0567914	0.008428	-0.008865
-0.0567687	0.007252	-0.00985
-0.056746	0.007644	-0.009653
-0.0567234	0.007448	-0.009653
-0.0567007	0.007448	-0.009456
-0.056678	0.007448	-0.009456
-0.0566553	0.00784	-0.009456
-0.0566327	0.008036	-0.009259
-0.05661	0.00784	-0.009456
-0.0565873	0.00784	-0.009653
-0.0565646	0.00784	-0.009653
-0.056542	0.007448	-0.00985
-0.0565193	0.007644	-0.00985
-0.0564966	0.00784	-0.00985
-0.0564739	0.007644	-0.009653
-0.0564512	0.007644	-0.009456
-0.0564286	0.007448	-0.009653
-0.0564059	0.007448	-0.009456
-0.0563832	0.00784	-0.009456
-0.0563605	0.00784	-0.009456
-0.0563379	0.007448	-0.009653
-0.0563152	0.00784	-0.009653
-0.0562925	0.008036	-0.009653
-0.0562698	0.00784	-0.009456
-0.0562472	0.00784	-0.009456
-0.0562245	0.00784	-0.009456
-0.0562018	0.007644	-0.009653
-0.0561791	0.007448	-0.00985
-0.0561565	0.007448	-0.00985
-0.0561338	0.007644	-0.009456
-0.0561111	0.007252	-0.009653
-0.0560884	0.007252	-0.009653
-0.0560658	0.008036	-0.009456
-0.0560431	0.00784	-0.009653
-0.0560204	0.00784	-0.009653
-0.0559977	0.008036	-0.009456
-0.0559751	0.00784	-0.009653
-0.0559524	0.008036	-0.009456
-0.0559297	0.008036	-0.009456
-0.055907	0.007644	-0.00985
-0.0558844	0.007448	-0.00985
-0.0558617	0.007448	-0.00985
-0.055839	0.007448	-0.009653
-0.0558163	0.007644	-0.009456
-0.0557937	0.007252	-0.00985
-0.055771	0.007448	-0.009456
-0.0557483	0.008036	-0.009259
-0.0557256	0.008036	-0.009062
-0.0557029	0.008232	-0.009259
-0.0556803	0.008036	-0.009259
-0.0556576	0.007448	-0.009653
-0.0556349	0.007644	-0.00985
-0.0556122	0.007644	-0.009653
-0.0555896	0.00784	-0.009456
-0.0555669	0.007644	-0.009456
-0.0555442	0.007252	-0.00985
-0.0555215	0.007448	-0.009653
-0.0554989	0.007644	-0.009456
-0.0554762	0.00784	-0.009259
-0.0554535	0.007644	-0.009456
-0.0554308	0.007644	-0.009456
-0.0554082	0.007448	-0.009653
-0.0553855	0.007448	-0.009653
-0.0553628	0.008036	-0.009456
-0.0553401	0.008036	-0.009259
-0.0553175	0.007448	-0.00985
-0.0552948	0.007448	-0.009653
-0.0552721	0.007448	-0.009653
-0.0552494	0.007644	-0.009653
-0.0552268	0.008232	-0.008865
-0.0552041	0.00784	-0.009456
-0.0551814	0.007448	-0.009653
-0.0551587	0.007644	-0.009653
-0.0551361	0.007252	-0.00985
-0.0551134	0.008036	-0.009259
-0.0550907	0.008232	-0.009259
-0.055068	0.007448	-0.009653
-0.0550454	0.007644	-0.009653
-0.0550227	0.007252	-0.009653
-0.055	0.007252	-0.00985
-0.0549773	0.008036	-0.009062
-0.0549546	0.00784	-0.009259
-0.054932	0.007252	-0.00985
-0.0549093	0.007448	-0.009653
-0.0548866	0.007252	-0.009653
-0.0548639	0.007448	-0.009456
-0.0548413	0.008232	-0.009456
-0.0548186	0.00784	-0.009653
-0.0547959	0.007644	-0.009653
-0.0547732	0.00784	-0.009653
-0.0547506	0.007252	-0.00985
-0.0547279	0.008232	-0.009259
-0.0547052	0.00784	-0.009456
-0.0546825	0.007448	-0.00985
-0.0546599	0.007448	-0.00985
-0.0546372	0.007056	-0.010047
-0.0546145	0.00784	-0.009653
-0.0545918	0.008232	-0.009259
-0.0545692	0.00784	-0.009653
-0.0545465	0.007644	-0.009653
-0.0545238	0.00784	-0.009653
-0.0545011	0.007448	-0.00985
-0.0544785	0.008232	-0.009062
-0.0544558	0.008036	-0.009456
-0.0544331	0.007644	-0.009653
-0.0544104	0.007448	-0.00985
-0.0543878	0.007252	-0.010047
-0.0543651	0.007644	-0.009653
-0.0543424	0.008036	-0.009456
-0.0543197	0.007448	-0.009653
-0.0542971	0.007644	-0.009653
-0.0542744	0.007644	-0.009456
-0.0542517	0.007448	-0.009653
-0.054229	0.008428	-0.008865
-0.0542063	0.008036	-0.009456
-0.0541837	0.007448	-0.00985
-0.054161	0.007644	-0.009653
-0.0541383	0.007252	-0.010047
-0.0541156	0.007448	-0.00985
-0.054093	0.007644	-0.009456
-0.0540703	0.007448	-0.009653
-0.0540476	0.007448	-0.00985
-0.0540249	0.007448	-0.009456
-0.0540023	0.007252	-0.009653
-0.0539796	0.008232	-0.009062
-0.0539569	0.008036	-0.009259
-0.0539342	0.007448	-0.009456
-0.0539116	0.007644	-0.009456
-0.0538889	0.007448	-0.00985
-0.0538662	0.007448	-0.00985
-0.0538435	0.008232	-0.009259
-0.0538209	0.007448	-0.009653
-0.0537982	0.007252	-0.010047
-0.0537755	0.007448	-0.009653
-0.0537528	0.007252	-0.010047
-0.0537302	0.008232	-0.008865
-0.0537075	0.008036	-0.009062
-0.0536848	0.007644	-0.009653
-0.0536621	0.00784	-0.009456
-0.0536395	0.007448	-0.00985
-0.0536168	0.007448	-0.009653
-0.0535941	0.008036	-0.009456
-0.0535714	0.00784	-0.009653
-0.0535488	0.007252	-0.010047
-0.0535261	0.008232	-0.008865
-0.0535034	0.009212	-0.008274
-0.0534807	0.0098	-0.007486
-0.053458	0.0098	-0.007486
-0.0534354	0.009016	-0.008274
-0.0534127	0.009016	-0.008077
-0.05339	0.009016	-0.008274
-0.0533673	0.00882	-0.008274
-0.0533447	0.009408	-0.00788
-0.053322	0.009212	-0.00788
-0.0532993	0.00882	-0.008274
-0.0532766	0.009016	-0.008077
-0.053254	0.009212	-0.008077
-0.0532313	0.009604	-0.007683
-0.0532086	0.0098	-0.007683
-0.0531859	0.009408	-0.00788
-0.0531633	0.009016	-0.008077
-0.0531406	0.009212	-0.008077
-0.0531179	0.009016	-0.008274
-0.0530952	0.009212	-0.008274
-0.0530726	0.009408	-0.00788
-0.0530499	0.009016	-0.008471
-0.0530272	0.00882	-0.008471
-0.0530045	0.009016	-0.008274
-0.0529819	0.009408	-0.008077
-0.0529592	0.009408	-0.007683
-0.0529365	0.009408	-0.008077
-0.0529138	0.009016	-0.008274
-0.0528912	0.009016	-0.008274
-0.0528685	0.009016	-0.008077
-0.0528458	0.009016	-0.008274
-0.0528231	0.009212	-0.008077
-0.0528005	0.009212	-0.008274
-0.0527778	0.009016	-0.008471
-0.0527551	0.009016	-0.008274
-0.0527324	0.009212	-0.008274
-0.0527098	0.009212	-0.00788
-0.0526871	0.009212	-0.00788
-0.0526644	0.009016	-0.008274
-0.0526417	0.00882	-0.008274
-0.052619	0.009016	-0.008077
-0.0525964	0.009016	-0.008274
-0.0525737	0.009212	-0.008274
-0.052551	0.009016	-0.008471
-0.0525283	0.009016	-0.008471
-0.0525057	0.009212	-0.008274
-0.052483	0.009408	-0.008077
-0.0524603	0.009016	-0.008077
-0.0524376	0.009408	-0.00788
-0.052415	0.008624	-0.008668
-0.0523923	0.00882	-0.008668
-0.0523696	0.009408	-0.008077
-0.0523469	0.009016	-0.008274
-0.0523243	0.009408	-0.00788
-0.0523016	0.009016	-0.008077
-0.0522789	0.00882	-0.008668
-0.0522562	0.0098	-0.00788
-0.0522336	0.009604	-0.008077
-0.0522109	0.009212	-0.008077
-0.0521882	0.009604	-0.007683
-0.0521655	0.008428	-0.008865
-0.0521429	0.00882	-0.008471
-0.0521202	0.009212	-0.008274
-0.0520975	0.00882	-0.008471
-0.0520748	0.009212	-0.00788
-0.0520522	0.009016	-0.008274
-0.0520295	0.00882	-0.008471
-0.0520068	0.009212	-0.00788
-0.0519841	0.009408	-0.007683
-0.0519615	0.009408	-0.008077
-0.0519388	0.009408	-0.00788
-0.0519161	0.008624	-0.008865
-0.0518934	0.008624	-0.008865
-0.0518707	0.009212	-0.008077
-0.0518481	0.009016	-0.008471
-0.0518254	0.009016	-0.008274
-0.0518027	0.00882	-0.008274
-0.05178	0.008428	-0.008668
-0.0517574	0.009016	-0.008077
-0.0517347	0.009212	-0.008077
-0.051712	0.009212	-0.00788
-0.0516893	0.009408	-0.007683
-0.0516667	0.008624	-0.008865
-0.051644	0.008428	-0.008865
-0.0516213	0.009212	-0.008077
-0.0515986	0.009016	-0.008471
-0.051576	0.009212	-0.008077
-0.0515533	0.009016	-0.008274
-0.0515306	0.008624	-0.008865
-0.0515079	0.009016	-0.008077
-0.0514853	0.009408	-0.00788
-0.0514626	0.009212	-0.008077
-0.0514399	0.009408	-0.00788
-0.0514172	0.009212	-0.008077
-0.0513946	0.008232	-0.009062
-0.0513719	0.009408	-0.00788
-0.0513492	0.009408	-0.008274
-0.0513265	0.009212	-0.008274
-0.0513039	0.009212	-0.008274
-0.0512812	0.008624	-0.008865
-0.0512585	0.009016	-0.008274
-0.0512358	0.009408	-0.008077
-0.0512132	0.009604	-0.00788
-0.0511905	0.009212	-0.008077
-0.0511678	0.00882	-0.008471
-0.0511451	0.008624	-0.008668
-0.0511224	0.009016	-0.008471
-0.0510998	0.009408	-0.007683
-0.0510771	0.009212	-0.008274
-0.0510544	0.00882	-0.008471
-0.0510317	0.00882	-0.008471
-0.0510091	0.008624	-0.008668
-0.0509864	0.009604	-0.00788
-0.0509637	0.0098	-0.007683
-0.050941	0.009016	-0.008274
-0.0509184	0.009016	-0.008471
-0.0508957	0.008624	-0.008471
-0.050873	0.00882	-0.008274
-0.0508503	0.009016	-0.008274
-0.0508277	0.009016	-0.008274
-0.050805	0.009212	-0.008077
-0.0507823	0.009212	-0.008077
-0.0507596	0.009212	-0.008274
-0.050737	0.009212	-0.008274
-0.0507143	0.009212	-0.008274
-0.0506916	0.009016	-0.008274
-0.0506689	0.009016	-0.008471
-0.0506463	0.00882	-0.008274
-0.0506236	0.00882	-0.008274
-0.0506009	0.009016	-0.008274
-0.0505782	0.009016	-0.008274
-0.0505556	0.009212	-0.008274
-0.0505329	0.009016	-0.008077
-0.0505102	0.009016	-0.008077
-0.0504875	0.009016	-0.008274
-0.0504649	0.009016	-0.008077
-0.0504422	0.009016	-0.008274
-0.0504195	0.009016	-0.008274
-0.0503968	0.009016	-0.008274
-0.0503741	0.00882	-0.008274
-0.0503515	0.009212	-0.008274
-0.0503288	0.008232	-0.009062
-0.0503061	0.007056	-0.010047
-0.0502834	0.007252	-0.00985
-0.0502608	0.007252	-0.00985
-0.0502381	0.007252	-0.009653
-0.0502154	0.007252	-0.009653
-0.0501927	0.007644	-0.009653
-0.0501701	0.00784	-0.009653
-0.0501474	0.00784	-0.009653
-0.0501247	0.007644	-0.00985
-0.050102	0.007448	-0.00985
-0.0500794	0.007448	-0.00985
-0.0500567	0.007448	-0.00985
-0.050034	0.007252	-0.00985
-0.0500113	0.007252	-0.00985
-0.0499887	0.007252	-0.010047
-0.049966	0.007056	-0.00985
-0.0499433	0.007252	-0.009653
-0.0499206	0.007252	-0.009653
-0.049898	0.007448	-0.00985
-0.0498753	0.007644	-0.009653
-0.0498526	0.007448	-0.009653
-0.0498299	0.007448	-0.009653
-0.0498073	0.007448	-0.00985
-0.0497846	0.007448	-0.00985
-0.0497619	0.007448	-0.010047
-0.0497392	0.007252	-0.010047
-0.0497166	0.007252	-0.00985
-0.0496939	0.007252	-0.00985
-0.0496712	0.007056	-0.009653
-0.0496485	0.007448	-0.00985
-0.0496259	0.007448	-0.009653
-0.0496032	0.007252	-0.009653
-0.0495805	0.007448	-0.009653
-0.0495578	0.007448	-0.009653
-0.0495351	0.007448	-0.009653
-0.0495125	0.007448	-0.00985
-0.0494898	0.007448	-0.00985
-0.0494671	0.007448	-0.00985
-0.0494444	0.007448	-0.00985
-0.0494218	0.007252	-0.00985
-0.0493991	0.007252	-0.00985
-0.0493764	0.007252	-0.009653
-0.0493537	0.007644	-0.009653
-0.0493311	0.007644	-0.009653
-0.0493084	0.007644	-0.009653
-0.0492857	0.007644	-0.009653
-0.049263	0.007448	-0.00985
-0.0492404	0.007448	-0.009653
-0.0492177	0.007448	-0.00985
-0.049195	0.007252	-0.00985
-0.0491723	0.007252	-0.010047
-0.0491497	0.007252	-0.00985
-0.049127	0.007056	-0.00985
-0.0491043	0.007252	-0.00985
-0.0490816	0.007252	-0.009653
-0.049059	0.007252	-0.009653
-0.0490363	0.007252	-0.00985
-0.0490136	0.007448	-0.00985
-0.0489909	0.007448	-0.009653
-0.0489683	0.007448	-0.009653
-0.0489456	0.007448	-0.009653
-0.0489229	0.007448	-0.00985
-0.0489002	0.007448	-0.00985
-0.0488776	0.007448	-0.00985
-0.0488549	0.007056	-0.00985
-0.0488322	0.007252	-0.00985
-0.0488095	0.007252	-0.010047
-0.0487868	0.007252	-0.00985
-0.0487642	0.007448	-0.00985
-0.0487415	0.007448	-0.009653
-0.0487188	0.007644	-0.009653
-0.0486961	0.007448	-0.009653
-0.0486735	0.00784	-0.009653
-0.0486508	0.007644	-0.00985
-0.0486281	0.007448	-0.00985
-0.0486054	0.007448	-0.00985
-0.0485828	0.007448	-0.00985
-0.0485601	0.007448	-0.00985
-0.0485374	0.007252	-0.00985
-0.0485147	0.007252	-0.010047
-0.0484921	0.007448	-0.010047
-0.0484694	0.007448	-0.009653
-0.0484467	0.007448	-0.009653
-0.048424	0.007644	-0.009653
-0.0484014	0.007644	-0.009653
-0.0483787	0.007448	-0.00985
-0.048356	0.007644	-0.009653
-0.0483333	0.007644	-0.00985
-0.0483107	0.007448	-0.00985
-0.048288	0.007448	-0.00985
-0.0482653	0.007448	-0.010047
-0.0482426	0.007252	-0.00985
-0.04822	0.007252	-0.00985
-0.0481973	0.007252	-0.00985
-0.0481746	0.007448	-0.009653
-0.0481519	0.007448	-0.009653
-0.0481293	0.007448	-0.009653
-0.0481066	0.007644	-0.009653
-0.0480839	0.007448	-0.009653
-0.0480612	0.007644	-0.00985
-0.0480385	0.007448	-0.00985
-0.0480159	0.007644	-0.00985
-0.0479932	0.007448	-0.00985
-0.0479705	0.007252	-0.00985
-0.0479478	0.007448	-0.00985
-0.0479252	0.007448	-0.00985
-0.0479025	0.007448	-0.009653
-0.0478798	0.007448	-0.00985
-0.0478571	0.007448	-0.009653
-0.0478345	0.007448	-0.00985
-0.0478118	0.007448	-0.009653
-0.0477891	0.007448	-0.009653
-0.0477664	0.007448	-0.009653
-0.0477438	0.007644	-0.009653
-0.0477211	0.007644	-0.00985
-0.0476984	0.007252	-0.00985
-0.0476757	0.007252	-0.010047
-0.0476531	0.007252	-0.010047
-0.0476304	0.007252	-0.00985
-0.0476077	0.007252	-0.00985
-0.047585	0.007252	-0.00985
-0.0475624	0.007448	-0.00985
-0.0475397	0.007448	-0.00985
-0.047517	0.007448	-0.00985
-0.0474943	0.007448	-0.009653
-0.0474717	0.007448	-0.00985
-0.047449	0.007644	-0.00985
-0.0474263	0.007448	-0.00985
-0.0474036	0.007252	-0.010047
-0.047381	0.007448	-0.010047
-0.0473583	0.007448	-0.009653
-0.0473356	0.007252	-0.010047
-0.0473129	0.007252	-0.00985
-0.0472902	0.007252	-0.00985
-0.0472676	0.007448	-0.00985
-0.0472449	0.007644	-0.00985
-0.0472222	0.007644	-0.009456
-0.0471995	0.007448	-0.00985
-0.0471769	0.007644	-0.00985
-0.0471542	0.007448	-0.009653
-0.0471315	0.007448	-0.00985
-0.0471088	0.007448	-0.00985
-0.0470862	0.007252	-0.00985
-0.0470635	0.008232	-0.009062
-0.0470408	0.009212	-0.008274
-0.0470181	0.009016	-0.008274
-0.0469955	0.009016	-0.008274
-0.0469728	0.009212	-0.008274
-0.0469501	0.009212	-0.008274
-0.0469274	0.009016	-0.008471
-0.0469048	0.009016	-0.008274
-0.0468821	0.009016	-0.008274
-0.0468594	0.009016	-0.008274
-0.0468367	0.00882	-0.008274
-0.0468141	0.009016	-0.008077
-0.0467914	0.00882	-0.008274
-0.0467687	0.008428	-0.008865
-0.046746	0.008624	-0.008471
-0.0467234	0.00882	-0.008274
-0.0467007	0.009016	-0.008077
-0.046678	0.00882	-0.008471
-0.0466553	0.008232	-0.009062
-0.0466327	0.008428	-0.009062
-0.04661	0.00882	-0.008471
-0.0465873	0.009016	-0.008274
-0.0465646	0.008624	-0.008865
-0.046542	0.008232	-0.008865
-0.0465193	0.008232	-0.009062
-0.0464966	0.008624	-0.008471
-0.0464739	0.009016	-0.008077
-0.0464512	0.009212	-0.008077
-0.0464286	0.009016	-0.008274
-0.0464059	0.008624	-0.008865
-0.0463832	0.008428	-0.008865
-0.0463605	0.00882	-0.008471
-0.0463379	0.009016	-0.008274
-0.0463152	0.008624	-0.008668
-0.0462925	0.008428	-0.008865
-0.0462698	0.008428	-0.009062
-0.0462472	0.008624	-0.008865
-0.0462245	0.009016	-0.008274
-0.0462018	0.009016	-0.008077
-0.0461791	0.00882	-0.008471
-0.0461565	0.008428	-0.008865
-0.0461338	0.008624	-0.008668
-0.0461111	0.00882	-0.008274
-0.0460884	0.009212	-0.008077
-0.0460658	0.00882	-0.008471
-0.0460431	0.008624	-0.008865
-0.0460204	0.008428	-0.008865
-0.0459977	0.008428	-0.008668
-0.0459751	0.009016	-0.008274
-0.0459524	0.009212	-0.008274
-0.0459297	0.00882	-0.008274
-0.045907	0.008624	-0.008668
-0.0458844	0.008624	-0.008865
-0.0458617	0.008624	-0.008471
-0.045839	0.009212	-0.008274
-0.0458163	0.00882	-0.008274
-0.0457937	0.008428	-0.008668
-0.045771	0.008428	-0.008865
-0.0457483	0.00882	-0.008865
-0.0457256	0.009212	-0.008274
-0.0457029	0.00882	-0.008274
-0.0456803	0.009016	-0.008274
-0.0456576	0.008428	-0.008865
-0.0456349	0.008428	-0.008668
-0.0456122	0.00882	-0.008471
-0.0455896	0.009016	-0.008077
-0.0455669	0.00882	-0.008274
-0.0455442	0.008624	-0.008471
-0.0455215	0.008428	-0.008668
-0.0454989	0.008624	-0.008471
-0.0454762	0.009212	-0.008077
-0.0454535	0.00882	-0.008077
-0.0454308	0.00882	-0.008471
-0.0454082	0.008428	-0.008865
-0.0453855	0.008624	-0.008865
-0.0453628	0.00882	-0.008471
-0.0453401	0.00882	-0.008274
-0.0453175	0.009016	-0.008274
-0.0452948	0.008624	-0.008668
-0.0452721	0.00882	-0.008668
-0.0452494	0.008624	-0.008471
-0.0452268	0.009016	-0.008274
-0.0452041	0.009016	-0.008471
-0.0451814	0.009016	-0.008668
-0.0451587	0.008428	-0.008865
-0.0451361	0.008624	-0.008668
-0.0451134	0.00882	-0.008274
-0.0450907	0.008624	-0.008668
-0.045068	0.009016	-0.008274
-0.0450454	0.008624	-0.008668
-0.0450227	0.008624	-0.008668
-0.045	0.009016	-0.008274
-0.0449773	0.00882	-0.008274
-0.0449546	0.009016	-0.008077
-0.044932	0.009016	-0.008274
-0.0449093	0.008624	-0.008865
-0.0448866	0.00882	-0.008471
-0.0448639	0.009016	-0.008471
-0.0448413	0.008624	-0.008668
-0.0448186	0.009212	-0.008274
-0.0447959	0.008624	-0.008471
-0.0447732	0.008428	-0.008865
-0.0447506	0.009016	-0.008274
-0.0447279	0.009016	-0.008274
-0.0447052	0.009016	-0.008077
-0.0446825	0.009212	-0.008077
-0.0446599	0.008624	-0.008865
-0.0446372	0.00882	-0.008668
-0.0446145	0.00882	-0.008471
-0.0445918	0.00882	-0.008471
-0.0445692	0.009016	-0.008274
-0.0445465	0.00882	-0.008471
-0.0445238	0.00882	-0.008471
-0.0445011	0.009016	-0.008274
-0.0444785	0.00882	-0.008274
-0.0444558	0.009212	-0.008274
-0.0444331	0.009016	-0.008274
-0.0444104	0.00882	-0.008668
-0.0443878	0.00882	-0.008471
-0.0443651	0.009016	-0.008274
-0.0443424	0.00882	-0.008471
-0.0443197	0.009016	-0.008274
-0.0442971	0.00882	-0.008471
-0.0442744	0.00882	-0.008471
-0.0442517	0.009212	-0.008274
-0.044229	0.009016	-0.008274
-0.0442063	0.009016	-0.008274
-0.0441837	0.00882	-0.008274
-0.044161	0.00882	-0.008471
-0.0441383	0.00882	-0.008471
-0.0441156	0.008624	-0.008274
-0.044093	0.009016	-0.008077
-0.0440703	0.009212	-0.008077
-0.0440476	0.00882	-0.008471
-0.0440249	0.00882	-0.008471
-0.0440023	0.009016	-0.008471
-0.0439796	0.009212	-0.008274
-0.0439569	0.009016	-0.008274
-0.0439342	0.009212	-0.008274
-0.0439116	0.008624	-0.008668
-0.0438889	0.009016	-0.008274
-0.0438662	0.008036	-0.008865
-0.0438435	0.007056	-0.010047
-0.0438209	0.007448	-0.009653
-0.0437982	0.007252	-0.009653
-0.0437755	0.007448	-0.00985
-0.0437528	0.007448	-0.009653
-0.0437302	0.007644	-0.009653
-0.0437075	0.007644	-0.009653
-0.0436848	0.00784	-0.009653
-0.0436621	0.007448	-0.010047
-0.0436395	0.007252	-0.010047
-0.0436168	0.007448	-0.00985
-0.0435941	0.007252	-0.00985
-0.0435714	0.007448	-0.00985
-0.0435488	0.007252	-0.010047
-0.0435261	0.007056	-0.010047
-0.0435034	0.007252	-0.009653
-0.0434807	0.007448	-0.009653
-0.043458	0.007448	-0.009653
-0.0434354	0.00784	-0.009456
-0.0434127	0.007448	-0.00985
-0.04339	0.007448	-0.010047
-0.0433673	0.007644	-0.009653
-0.0433447	0.007252	-0.010047
-0.043322	0.007448	-0.009653
-0.0432993	0.007448	-0.00985
-0.0432766	0.007056	-0.010244
-0.043254	0.007056	-0.010047
-0.0432313	0.007448	-0.00985
-0.0432086	0.007252	-0.00985
-0.0431859	0.007448	-0.00985
-0.0431633	0.007448	-0.009653
-0.0431406	0.007252	-0.00985
-0.0431179	0.007448	-0.009653
-0.0430952	0.007448	-0.009653
-0.0430726	0.007448	-0.00985
-0.0430499	0.007448	-0.00985
-0.0430272	0.007448	-0.010047
-0.0430045	0.007252	-0.010047
-0.0429819	0.007252	-0.00985
-0.0429592	0.007448	-0.00985
-0.0429365	0.007448	-0.00985
-0.0429138	0.007448	-0.00985
-0.0428912	0.007252	-0.009653
-0.0428685	0.007252	-0.00985
-0.0428458	0.007644	-0.009653
-0.0428231	0.007448	-0.009653
-0.0428005	0.007448	-0.00985
-0.0427778	0.007448	-0.009653
-0.0427551	0.007448	-0.010047
-0.0427324	0.007448	-0.00985
-0.0427098	0.007448	-0.009653
-0.0426871	0.007252	-0.00985
-0.0426644	0.007252	-0.00985
-0.0426417	0.007252	-0.00985
-0.042619	0.007252	-0.010047
-0.0425964	0.007448	-0.009456
-0.0425737	0.007448	-0.009653
-0.042551	0.007448	-0.009653
-0.0425283	0.00784	-0.009653
-0.0425057	0.007252	-0.010047
-0.042483	0.007448	-0.009653
-0.0424603	0.008036	-0.009456
-0.0424376	0.007252	-0.010047
-0.042415	0.007448	-0.00985
-0.0423923	0.007252	-0.00985
-0.0423696	0.007252	-0.00985
-0.0423469	0.007448	-0.009653
-0.0423243	0.007644	-0.009653
-0.0423016	0.007448	-0.009653
-0.0422789	0.007644	-0.009456
-0.0422562	0.007448	-0.00985
-0.0422336	0.007644	-0.009456
-0.0422109	0.007448	-0.009456
-0.0421882	0.007252	-0.010047
-0.0421655	0.007448	-0.009653
-0.0421429	0.007252	-0.010047
-0.0421202	0.007448	-0.00985
-0.0420975	0.007644	-0.009653
-0.0420748	0.007644	-0.00985
-0.0420522	0.007252	-0.010047
-0.0420295	0.007448	-0.009653
